X Y Z Timestamp
0.69152576 1.6845472 9.58804 1644972145097
0.70588267 1.6319051 9.645468 1644972145097
0.6939186 1.6462619 9.616755 1644972145097
0.70348984 1.672583 9.602397 1644972145122
0.701097 1.7084754 9.578469 1644972145122
0.70348984 1.7108682 9.585648 1644972145142
0.69152576 1.698904 9.583255 1644972145174
0.69152576 1.6845472 9.58804 1644972145175
0.7082755 1.6773686 9.5760765 1644972145176
0.715454 1.7012969 9.597611 1644972145176
0.715454 1.6917256 9.60479 1644972145187
0.71306115 1.6558332 9.611969 1644972145188
0.71306115 1.6654046 9.602397 1644972145192
0.72263247 1.6677973 9.611969 1644972145209
0.715454 1.6414764 9.626326 1644972145220
0.7106683 1.6342978 9.652647 1644972145224
0.71306115 1.6582261 9.659825 1644972145229
0.72263247 1.7012969 9.638289 1644972145244
0.72741807 1.7204394 9.592826 1644972145258
0.7465607 1.7898313 9.590433 1644972145262
0.7537391 1.7754744 9.609575 1644972145268
0.6987042 1.6438692 9.6071825 1644972145280
0.6628119 1.6247265 9.602397 1644972145301
0.715454 1.7252251 9.614362 1644972145319
0.7298109 1.7467605 9.638289 1644972145328
0.70588267 1.6821543 9.643075 1644972145345
0.7322037 1.6893328 9.664611 1644972145355
0.7513463 1.7443677 9.650253 1644972145405
0.74416786 1.7778672 9.628718 1644972145520
0.7298109 1.7659031 9.614362 1644972145523
0.6987042 1.7587247 9.595219 1644972145533
0.6771688 1.7587247 9.568898 1644972145536
0.65084773 1.753939 9.568898 1644972145538
0.66759753 1.7347964 9.554541 1644972145539
0.6580262 1.7347964 9.549755 1644972145540
0.6580262 1.7300107 9.554541 1644972145540
0.65084773 1.7012969 9.5760765 1644972145541
0.64845496 1.6917256 9.6071825 1644972145541
0.64606214 1.6606189 9.619147 1644972145541
0.66999036 1.6534405 9.631111 1644972145542
0.6867401 1.6701902 9.650253 1644972145542
0.6723832 1.6366907 9.698111 1644972145543
0.65084773 1.5625132 9.7196455 1644972145548
0.61734825 1.5625132 9.779466 1644972145548
0.55034924 1.5625132 9.9038925 1644972145548
0.3684947 1.5122639 9.973285 1644972145573
-0.3397808 1.7754744 10.009177 1644972145603
-2.4263222 2.754139 8.303095 1644972145621
-3.4791641 1.6319051 8.463413 1644972145661
0.526421 3.2015967 9.413364 1644972145672
2.3234308 2.3808584 10.226924 1644972145679
1.1820544 -0.086141616 10.241281 1644972145680
-0.03589234 -0.32063824 10.291531 1644972145680
-0.0047856453 1.1892328 10.380065 1644972145689
-0.23928227 1.6414764 10.425529 1644972145708
-0.5288138 1.6342978 10.353744 1644972145708
-0.5886344 1.6917256 10.3441725 1644972145710
-0.57427746 1.6749759 10.258031 1644972145712
-0.5886344 1.6797615 10.21496 1644972145721
-0.49292147 1.7491534 10.162318 1644972145724
-0.37567315 1.7180467 10.150353 1644972145725
-0.25842485 1.6319051 10.21496 1644972145729
-0.09810573 1.6749759 10.313066 1644972145730
-0.043070808 1.8137596 10.3441725 1644972145731
-0.0047856453 2.0267208 10.353744 1644972145733
0.040677983 2.1966112 10.334601 1644972145733
0.038285162 2.292324 10.21496 1644972145737
0.10767702 2.3545375 10.13839 1644972145741
0.28713873 2.2731814 10.119247 1644972145751
0.57188463 2.0721843 10.004392 1644972145757
0.8997013 1.7922242 9.958928 1644972145767
1.2155539 1.375873 9.97807 1644972145774
1.4931214 0.97866446 10.001999 1644972145791
1.7228323 0.7369894 9.982856 1644972145797
1.9214365 0.6053841 9.858429 1644972145814
2.1128623 0.6412765 9.595219 1644972145814
2.2564318 0.8470592 9.217153 1644972145829
2.2875385 0.91884387 8.779266 1644972145831
2.184647 0.6412765 8.506484 1644972145845
2.143969 0.47377887 8.439486 1644972145853
2.3425734 0.60059845 8.525627 1644972145864
2.629712 0.6580262 8.611769 1644972145874
2.8689942 0.7465607 8.573483 1644972145881
3.010171 0.8925229 8.451449 1644972145895
3.1058838 0.91884387 8.29113 1644972145900
3.1058838 0.83748794 8.178668 1644972145914
3.141776 0.80877405 8.051848 1644972145923
3.2757742 0.9164511 7.8293157 1644972145931
3.2422748 0.86141616 7.3603225 1644972145943
3.0604203 0.4211368 6.9344 1644972145953
2.9096723 -0.16271193 6.826723 1644972145964
2.9599216 -0.6891329 6.853044 1644972145969
3.1082766 -1.4404793 7.2023964 1644972145983
3.3930225 -2.2564318 7.8077803 1644972145990
3.7447674 -2.5794628 8.379665 1644972146003
3.979264 -2.4263222 8.693125 1644972146017
4.089334 -2.1008983 8.781659 1644972146021
4.2352962 -1.8424734 8.676374 1644972146045
4.354937 -1.7060826 8.394022 1644972146046
4.316652 -1.8185452 8.195417 1644972146054
4.314259 -2.0195422 8.260024 1644972146067
4.5487556 -2.0386848 8.396415 1644972146073
4.599005 -1.8161523 8.554341 1644972146085
4.2687955 -1.2634103 8.676374 1644972146095
3.8476589 -0.7298109 8.874979 1644972146104
3.6777685 -0.5455636 9.0951185 1644972146115
3.7591243 -0.8853444 9.08794 1644972146124
4.0031924 -1.6534405 9.099904 1644972146134
4.503292 -2.347359 9.06162 1644972146143
4.948357 -2.8091738 9.107083 1644972146155
5.096712 -2.9336007 9.001799 1644972146162
5.015356 -2.7302105 8.752945 1644972146174
4.7952166 -2.4071796 8.355737 1644972146182
4.4985065 -2.2037897 8.13799 1644972146194
4.1874394 -2.2181466 8.128419 1644972146203
4.091727 -2.3569303 8.367701 1644972146213
4.182654 -2.5603201 8.590233 1644972146223
4.2759743 -2.9120653 8.829515 1644972146231
4.35733 -3.3044882 9.119047 1644972146244
4.4913282 -3.4791641 9.300901 1644972146252
4.4817567 -3.4695928 9.375079 1644972146263
4.4004006 -3.3355947 9.346365 1644972146270
4.287938 -3.0939198 9.317652 1644972146282
4.17069 -2.845066 9.212367 1644972146292
4.089334 -2.7038896 9.059227 1644972146301
3.979264 -2.7086751 8.956335 1644972146313
3.9026937 -2.8115666 8.949157 1644972146321
3.8811584 -2.9958138 8.992228 1644972146330
3.8476589 -3.2327034 8.968299 1644972146342
3.818945 -3.4337006 8.937193 1644972146350
3.8069808 -3.562913 8.908479 1644972146361
3.8285162 -3.603591 8.891729 1644972146370
3.8356948 -3.546163 8.817552 1644972146384
3.8380876 -3.4408789 8.673982 1644972146390
3.7974095 -3.3619158 8.499306 1644972146401
3.7543387 -3.3403804 8.410771 1644972146410
3.7615173 -3.3044882 8.329415 1644972146419
3.7160535 -3.2949169 8.228917 1644972146431
3.696911 -3.2590244 8.169097 1644972146440
3.711268 -3.2159536 8.097312 1644972146450
3.735196 -3.1944182 8.070991 1644972146460
3.76391 -3.1369905 8.02792 1644972146472
3.739982 -3.1393833 8.037491 1644972146477
3.7040894 -3.249453 8.039884 1644972146489
3.6873398 -3.3834512 8.114061 1644972146500
3.739982 -3.4719856 8.209774 1644972146509
3.7615173 -3.507878 8.248059 1644972146518
3.6993039 -3.5174494 8.276773 1644972146529
3.6658044 -3.4672 8.283952 1644972146539
3.6777685 -3.400201 8.2456665 1644972146549
3.6921253 -3.3690944 8.149954 1644972146559
3.67059 -3.385844 8.0614195 1644972146570
3.6849468 -3.438486 8.039884 1644972146576
3.7064822 -3.4887354 8.063812 1644972146588
3.7543387 -3.574877 8.068598 1644972146598
3.778267 -3.6466618 8.145168 1644972146608
3.7663028 -3.629912 8.236095 1644972146618
3.7854455 -3.4767714 8.26481 1644972146628
3.7878382 -3.3643086 8.2145605 1644972146638
3.8093736 -3.397808 8.149954 1644972146644
3.8261235 -3.481557 8.128419 1644972146656
3.8237305 -3.5653057 8.049456 1644972146667
3.8261235 -3.6658044 8.04467 1644972146676
3.8069808 -3.739982 8.008778 1644972146685
3.7615173 -3.8356948 7.9944205 1644972146696
3.8093736 -3.8620157 8.047063 1644972146706
3.8548372 -3.8117664 8.114061 1644972146716
3.8668015 -3.6921253 8.2049885 1644972146725
3.845266 -3.505485 8.283952 1644972146735
3.7878382 -3.3523445 8.252846 1644972146745
3.737589 -3.37388 8.257631 1644972146757
3.737589 -3.5270207 8.276773 1644972146765
3.7878382 -3.7160535 8.319844 1644972146775
3.8380876 -3.7998023 8.288737 1644972146784
3.8261235 -3.723232 8.200203 1644972146796
3.8093736 -3.6179478 8.16431 1644972146805
3.8404803 -3.5294135 8.10449 1644972146815
3.859623 -3.495914 8.035098 1644972146825
3.8955152 -3.493521 8.003992 1644972146833
3.952943 -3.495914 7.944171 1644972146846
4.034299 -3.4695928 7.8891363 1644972146855
4.125226 -3.4337006 7.8436728 1644972146865
4.2041893 -3.438486 7.783852 1644972146874
4.287938 -3.4648073 7.793423 1644972146885
4.2999024 -3.5581272 7.7479596 1644972146893
4.2687955 -3.6658044 7.7551384 1644972146904
4.208975 -3.6873398 7.7814593 1644972146915
4.1180477 -3.6873398 7.908279 1644972146922
4.031906 -3.5700915 8.047063 1644972146934
3.926622 -3.3810585 8.248059 1644972146943
3.751946 -3.196811 8.513663 1644972146955
3.5772698 -3.034099 8.803194 1644972146962
3.438486 -2.9240294 8.920443 1644972146974
3.4049866 -2.9838498 8.62134 1644972146983
3.4983068 -3.1776686 8.271988 1644972146993
3.6323047 -3.3092737 8.037491 1644972147003
3.6993039 -3.2542388 7.960921 1644972147012
3.7040894 -3.117848 7.946564 1644972147023
3.7256248 -2.9599216 8.013563 1644972147033
3.7567315 -2.8570302 8.0614195 1644972147039
3.792624 -2.8642087 8.090134 1644972147052
3.7878382 -2.9096723 8.145168 1644972147062
3.7998023 -2.9575288 8.116454 1644972147074
3.8141594 -2.9671001 8.133204 1644972147079
3.7974095 -3.0699914 8.133204 1644972147093
3.8261235 -3.2087753 8.147561 1644972147099
3.8668015 -3.2757742 8.195417 1644972147123
3.8811584 -3.2422748 8.248059 1644972147123
3.8907297 -3.1322048 8.295917 1644972147130
3.8739798 -3.0412776 8.305488 1644972147142
3.8524444 -3.0747771 8.319844 1644972147150
3.871587 -3.1106694 8.34138 1644972147162
3.845266 -3.1250265 8.298309 1644972147169
3.8380876 -3.1561332 8.286345 1644972147178
3.8500516 -3.1657043 8.300702 1644972147186
3.871587 -3.1393833 8.355737 1644972147198
3.897908 -3.1130621 8.394022 1644972147218
3.9433718 -3.1322048 8.422736 1644972147219
4.0031924 -3.225525 8.343773 1644972147231
4.0677986 -3.4169507 8.269595 1644972147240
4.115655 -3.7280176 8.145168 1644972147250
4.2329035 -3.9170506 8.126026 1644972147260
4.273581 -3.888337 8.209774 1644972147271
4.261617 -3.6634114 8.283952 1644972147277
4.23051 -3.3260236 8.322237 1644972147289
4.206582 -3.0604203 8.315059 1644972147299
4.1587257 -2.9096723 8.281559 1644972147310
4.1850467 -2.7996025 8.300702 1644972147317
4.2281175 -2.914458 8.327023 1644972147328
4.2831526 -2.9718857 8.444271 1644972147339
4.328616 -2.7828526 8.482556 1644972147348
4.2448673 -2.6321049 8.3581295 1644972147359
4.125226 -2.5507488 8.267202 1644972147367
4.072584 -2.536392 8.279166 1644972147378
4.0366917 -2.6344976 8.293523 1644972147388
4.046263 -2.6392834 8.379665 1644972147396
3.9888353 -2.5339992 8.475378 1644972147403
3.8907297 -2.4933212 8.585447 1644972147418
3.859623 -2.495714 8.707481 1644972147426
3.8668015 -2.5435705 8.738588 1644972147435
3.842873 -2.6225336 8.760123 1644972147447
3.8476589 -2.5914268 8.772088 1644972147457
3.8285162 -2.4191437 8.729017 1644972147467
3.778267 -2.306681 8.683554 1644972147477
3.76391 -2.361716 8.712267 1644972147487
3.7136607 -2.5052853 8.772088 1644972147497
3.6681972 -2.5842485 8.793623 1644972147505
3.6370904 -2.5148566 8.800801 1644972147517
3.5796626 -2.4454648 8.7266245 1644972147526
3.5605202 -2.4143581 8.678768 1644972147537
3.5724843 -2.4382863 8.599805 1644972147544
3.6370904 -2.5507488 8.530413 1644972147555
3.7040894 -2.6703901 8.549556 1644972147566
3.723232 -2.6656044 8.616554 1644972147573
3.7686956 -2.5196424 8.602198 1644972147585
3.8165522 -2.37368 8.573483 1644972147595
3.8691943 -2.2348964 8.551949 1644972147606
3.938586 -2.0745773 8.623733 1644972147615
3.9744785 -1.9740787 8.762517 1644972147625
3.9625144 -1.9477576 8.807981 1644972147633
3.9481573 -1.9334008 8.863015 1644972147644
3.9720855 -1.9788643 8.898908 1644972147653
3.9840498 -2.0291135 8.925228 1644972147664
3.9864426 -2.0841484 8.889337 1644972147673
4.031906 -2.0937197 8.846265 1644972147683
4.0701914 -2.1272194 8.76491 1644972147693
4.1515474 -2.0434706 8.669196 1644972147703
4.240082 -1.8903298 8.583055 1644972147714
4.2687955 -1.8065811 8.506484 1644972147722
4.302295 -1.8161523 8.4012 1644972147730
4.3764725 -1.9118652 8.315059 1644972147744
4.4315076 -1.9334008 8.240881 1644972147753
4.4889355 -1.8329022 8.147561 1644972147764
4.508078 -1.6773686 8.082955 1644972147774
4.4913282 -1.5553347 8.085348 1644972147780
4.5391846 -1.5720844 8.015956 1644972147793
4.634897 -1.6677973 8.066205 1644972147802
4.6564326 -1.9357935 8.075776 1644972147814
4.7138605 -2.2277179 8.087741 1644972147820
4.761717 -2.3353949 8.106883 1644972147831
4.752146 -2.2851455 8.092526 1644972147845
4.735396 -2.172683 8.032705 1644972147850
4.6971107 -2.1631117 7.9393854 1644972147863
4.7018967 -2.1702902 7.8987074 1644972147874
4.723432 -2.158326 7.8699937 1644972147880
4.685147 -2.0865414 7.769495 1644972147891
4.6372905 -1.9334008 7.688139 1644972147902
4.5942197 -1.8735801 7.6833534 1644972147908
4.546363 -1.9597218 7.743174 1644972147921
4.4985065 -2.201397 7.838887 1644972147928
4.479364 -2.4885356 7.9968133 1644972147941
4.503292 -2.6895328 8.133204 1644972147949
4.546363 -2.7302105 8.2456665 1644972147961
4.5798626 -2.6488547 8.295917 1644972147969
4.5535417 -2.4909284 8.300702 1644972147978
4.476971 -2.3928227 8.269595 1644972147985
4.3669014 -2.440679 8.23131 1644972147998
4.3645086 -2.5674987 8.271988 1644972148007
4.436293 -2.7876384 8.315059 1644972148017
4.4602213 -3.0125637 8.334201 1644972148028
4.546363 -2.9766715 8.355737 1644972148036
4.5391846 -2.7852457 8.336594 1644972148047
4.517649 -2.6488547 8.255239 1644972148056
4.5224347 -2.5866413 8.2145605 1644972148068
4.54397 -2.5842485 8.2049885 1644972148078
4.6229334 -2.6416762 8.255239 1644972148086
4.6301117 -2.6871397 8.288737 1644972148098
4.618148 -2.6225336 8.293523 1644972148104
4.5918264 -2.5292134 8.262417 1644972148116
4.54397 -2.4837499 8.209774 1644972148125
4.508078 -2.4885356 8.152347 1644972148137
4.4817567 -2.4789643 8.13799 1644972148143
4.4674 -2.4478576 8.135597 1644972148158
4.438686 -2.495714 8.1020975 1644972148167
4.4195433 -2.5674987 8.111669 1644972148178
4.4147577 -2.6081767 8.130812 1644972148188
4.3932223 -2.6249263 8.190632 1644972148196
4.4195433 -2.6321049 8.262417 1644972148208
4.4482574 -2.6129622 8.279166 1644972148215
4.4482574 -2.589034 8.300702 1644972148227
4.4458647 -2.658426 8.228917 1644972148234
4.453043 -2.7445676 8.142776 1644972148242
4.4578285 -2.737389 8.106883 1644972148251
4.4339004 -2.696711 8.133204 1644972148264
4.4721856 -2.656033 8.094919 1644972148273
4.4578285 -2.672783 8.082955 1644972148285
4.438686 -2.629712 8.145168 1644972148290
4.4602213 -2.5674987 8.161918 1644972148304
4.421936 -2.5124638 8.185846 1644972148313
4.3908296 -2.536392 8.140383 1644972148323
4.4195433 -2.536392 8.114061 1644972148333
4.429115 -2.5603201 8.250452 1644972148341
4.4171505 -2.5220351 8.252846 1644972148354
4.4004006 -2.4837499 8.243274 1644972148360
4.369294 -2.457429 8.200203 1644972148374
4.3932223 -2.4909284 8.1738825 1644972148379
4.436293 -2.4885356 8.161918 1644972148392
4.4913282 -2.5196424 8.216953 1644972148399
4.5391846 -2.6201408 8.16431 1644972148413
4.546363 -2.7278178 8.075776 1644972148422
4.534399 -2.8761728 8.099705 1644972148432
4.558327 -2.9718857 8.16431 1644972148442
4.5559344 -2.9479575 8.195417 1644972148451
4.520042 -2.9072795 8.176275 1644972148458
4.5152564 -2.9216363 8.200203 1644972148472
4.56072 -2.940779 8.2456665 1644972148484
4.618148 -2.9120653 8.248059 1644972148493
4.634897 -2.8833513 8.255239 1644972148504
4.666004 -2.806781 8.248059 1644972148513
4.6396832 -2.7206392 8.219346 1644972148523
4.5894337 -2.7206392 8.2456665 1644972148533
4.5822554 -2.9216363 8.226524 1644972148543
4.601398 -3.2039895 8.286345 1644972148551
4.642076 -3.2039895 8.305488 1644972148563
4.615755 -3.0580273 8.2145605 1644972148572
4.5678983 -2.9647074 8.092526 1644972148583
4.536792 -2.8761728 8.02792 1644972148592
4.493721 -2.7972097 8.030313 1644972148602
4.438686 -2.7756743 8.056634 1644972148611
4.3740797 -2.8809586 8.049456 1644972148620
4.35733 -3.010171 8.075776 1644972148631
4.426722 -3.0604203 8.003992 1644972148641
4.4602213 -3.1393833 7.948957 1644972148648
4.436293 -3.211168 8.018349 1644972148661
4.412365 -3.3044882 8.092526 1644972148671
4.3836513 -3.3116665 8.097312 1644972148681
4.347759 -3.1800613 8.073383 1644972148689
4.3238306 -3.010171 8.075776 1644972148697
4.2975097 -2.8809586 7.984849 1644972148710
4.254439 -2.9096723 7.9800634 1644972148719
4.2759743 -2.9336007 7.958528 1644972148731
4.2951164 -2.8426733 8.032705 1644972148740
4.2831526 -2.7732813 8.01117 1644972148751
4.23051 -2.7996025 8.068598 1644972148760
4.2424746 -2.8354948 8.073383 1644972148771
4.287938 -2.804388 8.111669 1644972148778
4.319045 -2.7038896 8.111669 1644972148790
4.3118663 -2.605784 8.1020975 1644972148794
4.321438 -2.5746772 8.078169 1644972148810
4.328616 -2.6153553 8.082955 1644972148819
4.371687 -2.565106 8.090134 1644972148830
4.395615 -2.4598217 8.059027 1644972148839
4.388437 -2.4502504 8.049456 1644972148850
4.409972 -2.3976083 8.087741 1644972148859
4.479364 -2.440679 8.106883 1644972148869
4.5296135 -2.536392 8.169097 1644972148876
4.587041 -2.6201408 8.224132 1644972148889
4.65404 -2.6679974 8.248059 1644972148897
4.699504 -2.605784 8.267202 1644972148909
4.7138605 -2.457429 8.2456665 1644972148918
4.6612186 -2.2731814 8.166703 1644972148929
4.5631127 -2.268396 8.111669 1644972148937
4.627719 -2.2731814 8.149954 1644972148948
4.6636114 -2.2420747 8.17149 1644972148958
4.6803613 -2.3186452 8.200203 1644972148968
4.718646 -2.3808584 8.106883 1644972148978
4.685147 -2.3377876 8.19781 1644972148984
4.6636114 -2.2325034 8.147561 1644972148997
4.627719 -2.2468605 8.202596 1644972149008
4.644469 -2.3306093 8.085348 1644972149017
4.5966125 -2.388037 8.090134 1644972149028
4.5942197 -2.2420747 8.157132 1644972149035
4.587041 -2.184647 8.2049885 1644972149047
4.625326 -2.2372892 8.209774 1644972149056
4.615755 -2.2372892 8.240881 1644972149067
4.546363 -2.1678972 8.312666 1644972149077
4.486542 -1.9764715 8.338987 1644972149084
4.508078 -1.8807586 8.286345 1644972149095
4.4721856 -1.9716859 8.248059 1644972149107
4.426722 -2.132005 8.288737 1644972149116
4.3932223 -2.239682 8.310273 1644972149126
4.345366 -2.388037 8.283952 1644972149135
4.328616 -2.4526432 8.262417 1644972149146
4.302295 -2.4670002 8.23131 1644972149156
4.2975097 -2.5124638 8.190632 1644972149164
4.316652 -2.524428 8.240881 1644972149176
4.398008 -2.5268207 8.159525 1644972149183
4.3525443 -2.5531418 8.185846 1644972149193
4.321438 -2.3856442 8.243274 1644972149206
4.316652 -2.2301106 8.279166 1644972149212
4.316652 -2.2277179 8.360522 1644972149224
4.3812585 -2.321038 8.348558 1644972149234
4.438686 -2.361716 8.310273 1644972149244
4.476971 -2.3234308 8.271988 1644972149254
4.4721856 -2.3018954 8.271988 1644972149264
4.4745784 -2.321038 8.286345 1644972149273
4.4674 -2.3018954 8.281559 1644972149284
4.4339004 -2.2995026 8.279166 1644972149292
4.429115 -2.321038 8.293523 1644972149302
4.426722 -2.2612174 8.283952 1644972149313
4.4051867 -2.199004 8.300702 1644972149320
4.398008 -2.1463618 8.305488 1644972149333
4.4075794 -2.0697916 8.305488 1644972149342
4.388437 -2.012364 8.303095 1644972149352
4.3788652 -2.0051854 8.286345 1644972149364
4.421936 -1.9884356 8.293523 1644972149370
4.453043 -1.9453648 8.322237 1644972149381
4.453043 -1.942972 8.334201 1644972149392
4.45065 -1.9932213 8.360522 1644972149400
4.45065 -1.9860427 8.350951 1644972149412
4.429115 -1.9716859 8.382058 1644972149420
4.421936 -1.9262222 8.391629 1644972149429
4.4195433 -1.8975084 8.391629 1644972149438
4.4147577 -1.8496519 8.410771 1644972149448
4.402794 -1.835295 8.408379 1644972149458
4.386044 -1.8448663 8.394022 1644972149467
4.4004006 -1.820938 8.377272 1644972149477
4.398008 -1.9262222 8.379665 1644972149490
4.395615 -2.0578275 8.398808 1644972149501
4.4195433 -2.1463618 8.394022 1644972149511
4.4721856 -2.1750758 8.389236 1644972149520
4.438686 -2.1008983 8.298309 1644972149530
4.402794 -2.0338993 8.283952 1644972149540
4.4004006 -1.9740787 8.3174515 1644972149549
4.409972 -1.98365 8.367701 1644972149561
4.462614 -1.9884356 8.429914 1644972149568
4.496114 -1.9669002 8.453842 1644972149581
4.4745784 -1.9477576 8.410771 1644972149587
4.4578285 -1.9573289 8.389236 1644972149599
4.438686 -1.9525433 8.391629 1644972149607
4.4004006 -1.9908284 8.391629 1644972149618
4.35733 -2.0291135 8.370093 1644972149627
4.338187 -1.9980069 8.331808 1644972149637
4.304688 -1.9286151 8.26481 1644972149647
4.261617 -1.9190438 8.255239 1644972149658
4.240082 -1.9214365 8.2456665 1644972149668
4.2281175 -1.9405792 8.322237 1644972149680
4.24726 -1.9238294 8.394022 1644972149685
4.26401 -1.9070797 8.382058 1644972149697
4.261617 -1.8664017 8.374879 1644972149707
4.2711883 -1.7970098 8.338987 1644972149719
4.278367 -1.8329022 8.32463 1644972149725
4.2999024 -1.9262222 8.329415 1644972149738
4.3908296 -1.9381863 8.384451 1644972149747
4.3764725 -1.8376877 8.382058 1644972149758
4.436293 -1.9573289 8.415557 1644972149767
4.54397 -2.0195422 8.547162 1644972149777
4.6492543 -1.9860427 8.760123 1644972149788
4.709075 -1.8783658 9.030513 1644972149797
4.7449675 -1.5409778 9.178867 1644972149807
4.7569313 -1.4715859 9.406186 1644972149817
4.8693943 -1.698904 9.79143 1644972149826
5.0512486 -2.0458634 10.205389 1644972149837
5.237889 -2.3306093 10.554741 1644972149846
5.359923 -2.469393 10.688739 1644972149856
5.400601 -2.3832514 10.6815605 1644972149867
5.4149575 -2.2061825 10.691132 1644972149874
5.4699926 -2.0291135 10.648061 1644972149886
5.639883 -1.9908284 10.7126665 1644972149895
5.761917 -2.0721843 10.889736 1644972149904
5.831309 -2.0051854 10.944771 1644972149915
5.9246287 -1.7994026 11.040483 1644972149925
5.919843 -1.4691931 11.25823 1644972149935
5.989235 -0.96909314 11.497513 1644972149945
6.084948 -0.4761717 11.794223 1644972149955
6.2404814 0.0023928226 12.100504 1644972149965
6.463014 0.3182454 12.354143 1644972149974
6.5898337 0.46181476 12.576675 1644972149984
6.6592255 0.47377887 12.626925 1644972149995
6.666404 0.4019942 12.602997 1644972150004
6.7381887 0.33738798 12.569497 1644972150012
6.7405815 0.2727818 12.672389 1644972150024
6.7118673 0.2656033 12.662817 1644972150033
6.558727 0.10767702 12.4833555 1644972150041
6.2955165 -0.44506502 12.21536 1644972150053
6.084948 -1.0671989 11.887543 1644972150066
5.9318075 -1.727618 11.32523 1644972150072
5.7762737 -2.3665016 10.676775 1644972150084
5.65424 -2.6679974 9.958928 1644972150090
5.4628143 -2.5148566 9.224331 1644972150102
5.211568 -2.1272194 8.408379 1644972150114
4.981857 -1.727618 7.6163545 1644972150121
4.807181 -1.3998013 6.8913293 1644972150133
4.682754 -1.1820544 6.2524457 1644972150141
4.536792 -0.9164511 5.639883 1644972150152
4.328616 -0.6125626 5.003392 1644972150162
4.1228333 -0.38285163 4.3908296 1644972150169
3.9218364 -0.19142582 3.7328033 1644972150184
3.723232 -0.069391854 3.129812 1644972150189
3.562913 -0.02871387 2.5124638 1644972150200
3.3954153 0.05742774 1.9118652 1644972150211
3.2279177 0.26799613 1.3447664 1644972150220
3.0843484 0.5407779 0.81834537 1644972150232
2.9886355 0.78723866 0.30867413 1644972150241
2.9336007 1.012164 -0.148355 1644972150251
2.926422 1.079163 -0.5240282 1644972150261
2.9886355 1.0289137 -0.9619147 1644972150271
3.0723844 1.0025927 -1.268196 1644972150283
3.141776 1.0911272 -1.4859428 1644972150288
3.1872396 1.2059826 -1.5074782 1644972150299
3.2877383 1.1318051 -1.4500505 1644972150310
3.3667014 1.0624132 -1.3639089 1644972150320
3.3260236 1.0695918 -1.2179468 1644972150330
3.2590244 1.0648061 -0.99302137 1644972150340
3.2303107 1.079163 -0.60777694 1644972150350
3.1465619 1.1940185 -0.08853444 1644972150359
3.0747771 1.2897314 0.5024927 1644972150370
3.0556345 1.5074782 1.2323036 1644972150379
3.1154552 1.9812572 2.0315065 1644972150390
3.103491 2.457429 2.8833513 1644972150398
3.0963125 2.6081767 3.546163 1644972150409
3.0604203 2.400001 4.139583 1644972150419
2.9312077 1.8592232 4.773681 1644972150429
2.8642087 1.0408778 5.328816 1644972150439
2.7278178 0.21296121 6.245267 1644972150449
2.9048867 -0.33499518 7.207182 1644972150458
3.1082766 -0.8709874 8.2145605 1644972150470
3.3834512 -1.457229 9.303294 1644972150475
3.9984066 -1.7443677 10.514063 1644972150486
4.7952166 -1.524228 11.753545 1644972150493
5.6374903 -1.0839486 12.732209 1644972150506
6.5084777 -0.6197411 13.574483 1644972150512
7.580462 -0.30867413 14.378471 1644972150525
8.748159 -0.25842485 15.0221405 1644972150531
9.600004 -0.5072784 15.596418 1644972150545
10.174282 -0.9164511 15.895521 1644972150552
10.497313 -1.4333007 15.948163 1644972150565
10.628919 -1.942972 16.000805 1644972150571
10.77488 -2.3018954 16.118053 1644972150584
10.8969145 -2.440679 16.249659 1644972150592
10.73181 -2.309074 16.314264 1644972150603
10.463814 -1.9812572 16.230516 1644972150613
9.982856 -1.5768701 16.05584 1644972150622
9.454042 -1.0743774 15.897914 1644972150633
8.863015 -0.5814559 15.627524 1644972150643
8.250452 -0.23449662 15.203995 1644972150651
7.6067834 -0.13399807 14.754145 1644972150662
7.204789 -0.29910284 14.409578 1644972150671
7.1569324 -0.4019942 14.115261 1644972150682
7.1569324 -0.5072784 13.880764 1644972150691
7.099505 -0.6436693 13.607983 1644972150702
7.092326 -0.7752745 13.256237 1644972150711
6.927222 -0.9236295 12.792029 1644972150722
6.7022963 -1.0025927 12.217752 1644972150731
6.4869423 -0.9810573 11.614761 1644972150742
6.2524457 -0.7728817 11.018949 1644972150749
5.962914 -0.47856453 10.310673 1644972150762
5.642276 -0.21535404 9.595219 1644972150769
5.355137 0.03589234 8.872586 1644972150783
5.130212 0.23688944 8.209774 1644972150789
4.941179 0.3900301 7.52782 1644972150801
4.723432 0.52163535 6.800402 1644972150808
4.493721 0.55034924 6.099305 1644972150821
4.249653 0.5886344 5.35753 1644972150831
3.940979 0.5814559 4.5559344 1644972150840
3.641876 0.4761717 3.7615173 1644972150850
3.4193435 0.29192436 3.07717 1644972150860
3.266203 0.12203395 2.5124638 1644972150869
3.1609187 0.016749758 2.0578275 1644972150882
3.048456 0.06460621 1.6534405 1644972150887
2.8833513 0.28953153 1.2418749 1644972150900
2.7014968 0.57427746 0.9595219 1644972150909
2.5722845 0.9595219 0.6987042 1644972150920
2.4358935 1.4189439 0.37567315 1644972150930
2.2827528 1.8855443 0.040677983 1644972150936
2.1080768 2.2612174 -0.2105684 1644972150951
1.9405792 2.3808584 -0.4881358 1644972150956
1.8496519 2.1631117 -0.8662018 1644972150970
1.8089739 1.7443677 -1.2203395 1644972150978
1.753939 1.2753744 -1.4189439 1644972150989
1.7730815 0.7465607 -1.6031911 1644972150998
1.9166509 0.26081768 -1.6247265 1644972151010
2.1080768 -0.05742774 -1.4213367 1644972151015
2.3521447 -0.14117654 -1.1318051 1644972151029
2.5627131 0.038285162 -0.6436693 1644972151038
2.725425 0.39720857 -0.2416751 1644972151048
2.9048867 0.79920274 0.2105684 1644972151058
3.0747771 1.1796615 0.83988076 1644972151067
3.3044882 1.5457634 1.4333007 1644972151078
3.4911282 1.8999012 2.1678972 1644972151088
3.6394832 2.1535404 2.8953154 1644972151094
3.749553 2.0793629 3.6346977 1644972151108
3.7567315 1.591227 4.453043 1644972151116
3.8476589 0.6149554 5.123033 1644972151128
3.95055 -0.6269195 5.936593 1644972151135
4.182654 -1.6582261 7.0779696 1644972151147
4.5248275 -2.2277179 8.379665 1644972151156
4.9268217 -2.5172493 9.815358 1644972151166
5.460421 -2.548356 11.248659 1644972151178
6.0897336 -2.292324 12.552748 1644972151187
6.8051877 -1.9477576 13.909478 1644972151193
7.7001033 -1.524228 15.172889 1644972151208
8.520842 -1.1940185 16.197016 1644972151213
9.097511 -1.1294123 16.893328 1644972151226
9.590433 -1.4739788 17.441284 1644972151235
10.112068 -2.062613 17.943777 1644972151244
10.746166 -2.481357 18.171095 1644972151252
11.004591 -2.5435705 18.135202 1644972151266
11.126625 -2.4598217 18.025133 1644972151274
11.169696 -2.5531418 17.900705 1644972151284
11.01177 -2.6919255 17.740387 1644972151294
10.523634 -2.6799614 17.63271 1644972151306
9.932607 -2.5220351 17.460426 1644972151312
9.430114 -2.239682 17.187645 1644972151325
8.872586 -1.9884356 16.768902 1644972151333
8.41795 -1.9334008 16.264015 1644972151346
8.118847 -1.9405792 15.66581 1644972151352
7.8556366 -1.8664017 15.062819 1644972151364
7.647461 -1.7156538 14.490934 1644972151375
7.4943204 -1.5840486 13.859229 1644972151383
7.312466 -1.5361922 13.249059 1644972151394
7.109076 -1.5074782 12.669996 1644972151402
6.8458657 -1.3328022 12.117254 1644972151414
6.649654 -1.052842 11.487942 1644972151419
6.364908 -0.8566305 10.746166 1644972151434
6.0227346 -0.83030945 9.961321 1644972151440
5.6997037 -0.8327023 9.186047 1644972151452
5.4053864 -0.8063812 8.295917 1644972151463
5.0943193 -0.8135597 7.4177504 1644972151472
4.8215375 -0.7800602 6.6281185 1644972151485
4.5128636 -0.59342 5.7810597 1644972151490
4.074977 -0.41874397 4.9674997 1644972151502
3.739982 -0.29671 4.2951164 1644972151512
3.5294135 -0.18424734 3.6131623 1644972151522
3.3116665 -0.1268196 2.9455647 1644972151532
3.0867412 -0.059820566 2.4071796 1644972151539
2.9359934 0.08135597 1.9932213 1644972151550
2.8235307 0.27517462 1.6438692 1644972151559
2.6895328 0.4881358 1.3232309 1644972151572
2.536392 0.77766734 1.0289137 1644972151583
2.3665016 1.0959128 0.6867401 1644972151588
2.1511476 1.3782659 0.3684947 1644972151601
1.9860427 1.538585 0.06699903 1644972151611
1.8807586 1.6462619 -0.18185452 1644972151620
1.8089739 1.7443677 -0.38524446 1644972151631
1.7706888 1.753939 -0.55513483 1644972151637
1.753939 1.7036897 -0.6939186 1644972151650
1.7395821 1.5864414 -0.8350951 1644972151661
1.7347964 1.4620147 -0.863809 1644972151670
1.7252251 1.4093726 -0.77766734 1644972151678
1.8089739 1.4356936 -0.63170516 1644972151691
1.9884356 1.6151553 -0.3924229 1644972151700
2.2205393 1.8903298 -0.05742774 1644972151711
2.4909284 2.0338993 0.31345975 1644972151719
2.9240294 2.009971 0.5814559 1644972151730
3.3882368 1.9357935 0.94277215 1644972151739
3.6251264 1.835295 1.3256238 1644972151750
3.6011982 1.6534405 1.6773686 1644972151759
3.3954153 1.5026926 2.1008983 1644972151770
3.1680973 1.4811572 2.7732813 1644972151779
3.1465619 1.6630118 3.615555 1644972151790
3.1393833 1.8448663 4.5128636 1644972151796
3.1465619 1.6701902 5.474778 1644972151810
3.3355947 1.2131611 6.3601227 1644972151815
3.278167 0.49292147 7.30768 1644972151828
3.0532417 -0.35174492 8.283952 1644972151837
2.9383862 -1.1557333 9.147761 1644972151849
2.9120653 -1.8161523 10.145568 1644972151857
3.1776686 -2.2731814 10.983056 1644972151868
3.574877 -2.617748 11.988042 1644972151876
4.237689 -2.6775684 13.098311 1644972151887
5.087141 -2.4861426 14.036298 1644972151896
5.9557357 -2.2277179 14.950356 1644972151908
6.71426 -1.9501505 15.63231 1644972151914
7.1976104 -1.835295 16.019947 1644972151928
7.5828547 -2.012364 16.347765 1644972151934
8.059027 -2.2971098 16.59901 1644972151946
8.652447 -2.7086751 16.902899 1644972151956
9.250652 -3.050849 17.161324 1644972151966
9.707682 -3.1537402 17.254644 1644972151976
9.712467 -2.9718857 17.156538 1644972151985
9.403793 -2.6392834 16.92204 1644972151996
9.164511 -2.3641088 16.80958 1644972152006
8.829515 -2.103291 16.737795 1644972152015
8.384451 -1.8281165 16.58226 1644972152025
7.9657063 -1.4859428 16.388443 1644972152035
7.479964 -1.18684 16.101303 1644972152045
7.092326 -1.1533405 15.778273 1644972152056
6.8865438 -1.2753744 15.440885 1644972152062
6.759724 -1.3495519 15.05564 1644972152076
6.5850477 -1.3686945 14.577076 1644972152084
6.3601227 -1.3256238 14.067405 1644972152096
6.1471615 -1.1796615 13.543376 1644972152101
5.9437714 -1.0217353 13.057633 1644972152115
5.7762737 -0.8327023 12.516855 1644972152124
5.623133 -0.60059845 11.909079 1644972152134
5.345566 -0.40917268 11.162518 1644972152144
5.0273204 -0.32542387 10.442278 1644972152154
4.74736 -0.27038896 9.822537 1644972152164
4.4745784 -0.3182454 9.032906 1644972152174
4.254439 -0.46181476 8.298309 1644972152182
4.1084766 -0.53359944 7.676175 1644972152194
3.9864426 -0.47856453 7.111469 1644972152200
3.739982 -0.27756742 6.4701924 1644972152214
3.4025939 -0.06699903 5.8193445 1644972152221
3.1202407 0.09810573 5.2235317 1644972152233
2.8498518 0.29910284 4.6229334 1644972152242
2.5866413 0.5240282 4.0390844 1644972152252
2.3976083 0.7585248 3.5700915 1644972152262
2.3162522 1.0360922 3.2087753 1644972152272
2.2731814 1.3328022 2.9048867 1644972152282
2.2564318 1.6007984 2.6129622 1644972152292
2.1870399 1.7706888 2.3545375 1644972152300
2.1008983 1.8065811 2.0673988 1644972152312
2.0027926 1.8185452 1.8257236 1644972152319
1.875973 1.8448663 1.6510476 1644972152332
1.7898313 1.7970098 1.3591232 1644972152341
1.7036897 1.6007984 1.0671989 1644972152349
1.5696917 1.3256238 0.79441714 1644972152363
1.4237294 1.0360922 0.6269195 1644972152368
1.4045869 0.8327023 0.62931234 1644972152382
1.4691931 0.72023964 0.782453 1644972152392
1.6390835 0.65324056 0.930808 1644972152397
1.9238294 0.60059845 1.1126626 1644972152411
2.2492533 0.65324056 1.4189439 1644972152419
2.4765713 0.74177504 1.7419748 1644972152431
2.605784 0.80159557 1.9860427 1644972152440
2.7086751 0.9284152 2.2851455 1644972152448
2.7708886 1.0193424 2.7110682 1644972152461
2.8091738 1.0049855 3.266203 1644972152467
2.8139594 1.1078769 3.9744785 1644972152480
2.8378878 1.375873 4.8693943 1644972152490
2.9886355 1.5960127 5.5968122 1644972152498
3.048456 1.6438692 6.1304116 1644972152511
2.8689942 1.4189439 6.5204415 1644972152518
2.5435705 0.8446664 6.778867 1644972152530
2.6416762 0.14356937 7.2933235 1644972152535
3.1345978 -0.30867413 7.908279 1644972152548
3.3044882 -0.6939186 8.595019 1644972152559
3.3786657 -1.0887343 9.391829 1644972152569
3.859623 -1.2993027 10.267602 1644972152576
4.510471 -1.3064811 11.265409 1644972152590
5.156533 -1.1030912 12.160325 1644972152595
5.74756 -0.72023964 12.909278 1644972152608
6.3768725 -0.32063824 13.596018 1644972152617
6.8195443 -0.1794617 14.043476 1644972152628
6.9583282 -0.5886344 14.328222 1644972152637
7.094719 -1.2849457 14.5818615 1644972152648
7.34118 -2.0027926 14.883357 1644972152657
7.609176 -2.7086751 15.247066 1644972152667
7.874779 -3.1393833 15.467206 1644972152677
7.941778 -3.3116665 15.562919 1644972152689
7.9034934 -3.2183464 15.582061 1644972152694
7.838887 -2.9168508 15.55574 1644972152708
7.771888 -2.5818555 15.498312 1644972152717
7.611569 -2.3282163 15.455241 1644972152728
7.496713 -2.07697 15.285351 1644972152735
7.3986077 -1.9525433 15.175282 1644972152746
7.2765737 -1.8257236 15.048462 1644972152758
7.0779696 -1.6606189 14.823536 1644972152764
6.786045 -1.5266209 14.524433 1644972152777
6.5898337 -1.5266209 14.282759 1644972152786
6.45105 -1.5146568 14.036298 1644972152795
6.317052 -1.5002998 13.739588 1644972152802
6.178268 -1.4404793 13.418949 1644972152816
6.070591 -1.3639089 13.062419 1644972152822
5.962914 -1.375873 12.746566 1644972152836
5.84088 -1.3854443 12.421143 1644972152844
5.7188463 -1.4189439 12.112468 1644972152856
5.5106707 -1.4548361 11.799008 1644972152864
5.35753 -1.4907285 11.437693 1644972152875
5.197211 -1.4931214 11.047662 1644972152881
5.056034 -1.5074782 10.600204 1644972152895
4.8933225 -1.4548361 10.107283 1644972152901
4.723432 -1.3232309 9.561719 1644972152914
4.493721 -1.1126626 8.963513 1644972152924
4.206582 -0.863809 8.343773 1644972152934
3.9553359 -0.6221339 7.7647095 1644972152943
3.7591243 -0.37567315 7.192825 1644972152953
3.5844483 -0.15553348 6.6855464 1644972152963
3.4648073 0.011964113 6.202196 1644972152973
3.3714871 0.124426775 5.7954164 1644972152984
3.2925239 0.30867413 5.386244 1644972152995
3.1752756 0.47138608 4.965107 1644972153000
3.0795627 0.53359944 4.5966125 1644972153013
3.0460632 0.63888365 4.24726 1644972153020
2.955136 0.8207382 3.8356948 1644972153032
2.7876384 0.96909314 3.4480574 1644972153039
2.6321049 1.0576276 3.0125637 1644972153050
2.507678 1.1389836 2.5914268 1644972153063
2.3856442 1.2011969 2.2157538 1644972153071
2.2947168 1.2203395 1.8257236 1644972153084
2.2660031 1.2562319 1.4835501 1644972153090
2.2636101 1.3040884 1.2059826 1644972153104
2.2205393 1.3375878 0.9451649 1644972153110
2.1415763 1.2897314 0.76331043 1644972153123
2.07697 1.2155539 0.65084773 1644972153128
2.1104696 1.2059826 0.6556334 1644972153142
2.254039 1.2801601 0.70588267 1644972153150
2.3832514 1.3710874 0.85902333 1644972153162
2.4430718 1.4668003 1.038485 1644972153167
2.4239295 1.4955142 1.2490535 1644972153181
2.4526432 1.4356936 1.4548361 1644972153188
2.4789643 1.3710874 1.8113668 1644972153199
2.4430718 1.2658032 2.3521447 1644972153211
2.5459633 1.1796615 2.914458 1644972153219
2.8426733 1.1844472 3.4624143 1644972153231
3.0795627 1.2394822 3.8907297 1644972153236
2.9886355 1.1772687 4.115655 1644972153250
2.5818555 1.0456635 4.1443686 1644972153259
2.0961127 0.94755775 4.141976 1644972153270
1.6390835 0.95712906 4.493721 1644972153278
1.3710874 1.1581261 5.003392 1644972153293
1.3184453 1.1365907 5.733203 1644972153299
1.5314065 0.5599205 6.5635123 1644972153310
2.012364 -0.5192425 7.3627152 1644972153318
2.821138 -1.6677973 8.355737 1644972153329
3.8811584 -2.4047868 9.724431 1644972153336
5.048856 -2.6488547 11.322837 1644972153348
6.1591253 -2.6488547 12.650853 1644972153358
7.1473613 -2.6943183 13.756337 1644972153368
8.17149 -2.8689942 14.380864 1644972153378
9.090333 -3.022135 14.799608 1644972153389
9.734002 -2.9383862 14.790037 1644972153396
10.049855 -2.754139 14.452649 1644972153409
10.1288185 -2.7038896 14.045869 1644972153415
10.253245 -2.955136 13.617554 1644972153429
10.624132 -3.3762727 13.366307 1644972153434
10.959127 -3.6107693 13.301702 1644972153447
11.112268 -3.4408789 13.512269 1644972153457
11.246266 -2.9216363 13.866407 1644972153467
11.08834 -2.2061825 14.244473 1644972153478
10.707881 -1.7156538 14.756537 1644972153489
10.2723875 -1.6031911 15.225531 1644972153494
9.702896 -1.6845472 15.531812 1644972153507
9.008977 -1.7778672 15.735202 1644972153516
8.281559 -1.9046868 15.680167 1644972153526
7.623533 -2.103291 15.378671 1644972153536
7.0205417 -2.3401806 14.947963 1644972153546
6.558727 -2.5698915 14.416757 1644972153555
6.300302 -2.6871397 13.88555 1644972153567
6.1854467 -2.605784 13.342379 1644972153573
6.1304116 -2.359323 12.782458 1644972153585
6.068198 -2.062613 12.289537 1644972153595
6.029913 -1.7778672 11.830115 1644972153604
5.938986 -1.5314065 11.404193 1644972153616
5.814559 -1.3447664 11.038091 1644972153624
5.666204 -1.1509477 10.691132 1644972153636
5.4723854 -0.9834501 10.301102 1644972153641
5.2833524 -0.8255238 9.865608 1644972153655
5.0751767 -0.6628119 9.365508 1644972153664
4.912465 -0.5288138 8.949157 1644972153675
4.9028935 -0.34456646 8.518449 1644972153684
4.843073 -0.14596218 8.013563 1644972153694
4.733003 0.023928227 7.5254273 1644972153704
4.5631127 0.28713873 6.9798636 1644972153715
4.338187 0.50009996 6.503692 1644972153724
4.180261 0.5910272 6.0921264 1644972153735
4.0845485 0.57906306 5.651847 1644972153742
4.048656 0.47138608 5.4460645 1644972153754
4.1371903 0.47138608 5.304888 1644972153763
4.1371903 0.52163535 5.1158547 1644972153774
3.993621 0.41874397 4.7545385 1644972153779
3.8548372 0.21296121 4.388437 1644972153794
3.749553 0.10289137 3.9864426 1644972153801
3.507878 0.17467605 3.4839497 1644972153812
3.1513474 0.32063824 2.9862428 1644972153824
2.8594232 0.4546363 2.5387847 1644972153831
2.7637103 0.64606214 2.1463618 1644972153843
2.7062824 0.8207382 1.7874385 1644972153850
2.6153553 1.0001999 1.4811572 1644972153862
2.5148566 1.2227324 1.2418749 1644972153871
2.4502504 1.4715859 1.0193424 1644972153882
2.3425734 1.698904 0.8063812 1644972153894
2.239682 1.7515461 0.6843473 1644972153898
2.2037897 1.713261 0.6412765 1644972153911
2.2636101 1.7324036 0.7680961 1644972153922
2.455036 1.8424734 0.94755775 1644972153927
2.644069 1.9980069 1.160519 1644972153952
2.751746 2.0338993 1.3567305 1644972153952
2.7948167 1.9573289 1.5218352 1644972153964
2.7708886 1.7611175 1.6295122 1644972153972
2.6751757 1.5098711 1.6893328 1644972153982
2.6416762 1.1485549 1.7491534 1644972153999
2.6895328 0.58624154 1.8711873 1644972154002
2.7613173 -0.16031912 2.210968 1644972154012
2.9072795 -0.8925229 2.8187451 1644972154022
3.182454 -1.2562319 3.4432719 1644972154032
3.359523 -1.2466606 4.06062 1644972154043
3.438486 -1.2011969 4.5487556 1644972154048
3.4193435 -1.1724831 5.144569 1644972154060
3.5318062 -1.0719845 5.84088 1644972154067
3.7710886 -0.8327023 6.5659056 1644972154079
3.95055 -0.6269195 7.422536 1644972154088
4.24726 -0.6987042 8.013563 1644972154099
4.5152564 -1.1653047 8.537591 1644972154108
4.6492543 -1.8041883 9.2075815 1644972154119
4.881358 -2.333002 10.092926 1644972154128
5.3359947 -2.5004997 11.320444 1644972154138
6.0418773 -2.3712873 12.658031 1644972154147
6.8315086 -2.2492533 13.96212 1644972154158
7.618747 -2.3018954 15.1657095 1644972154164
8.32463 -2.4191437 16.185053 1644972154177
8.805588 -2.481357 17.094324 1644972154189
9.020942 -2.5268207 17.551353 1644972154198
8.944371 -2.617748 17.718851 1644972154205
8.719446 -2.7996025 17.828922 1644972154220
8.477771 -3.0556345 17.917456 1644972154227
8.360522 -3.3523445 18.034704 1644972154236
8.283952 -3.507878 18.118454 1644972154250
8.133204 -3.4025939 18.204596 1644972154257
7.8484583 -3.1154552 18.264416 1644972154269
7.54457 -2.751746 18.216558 1644972154275
7.2263246 -2.347359 17.927027 1644972154285
6.91765 -2.1272194 17.453249 1644972154300
6.664011 -2.160719 16.857435 1644972154306
6.4127645 -2.28036 16.106089 1644972154318
6.1591253 -2.3688943 15.247066 1644972154327
5.8935223 -2.4119651 14.335401 1644972154339
5.682954 -2.3784657 13.435699 1644972154348
5.491528 -2.309074 12.545569 1644972154359
5.2833524 -2.2229323 11.708081 1644972154367
5.0919266 -2.091327 10.96152 1644972154374
4.9172506 -1.8999012 10.234102 1644972154384
4.773681 -1.753939 9.688539 1644972154394
4.7569313 -1.5481563 9.219545 1644972154405
4.706682 -1.2753744 8.839087 1644972154415
4.6564326 -1.038485 8.441878 1644972154428
4.5678983 -0.89730847 8.015956 1644972154435
4.496114 -0.8566305 7.6402826 1644972154446
4.462614 -0.8350951 7.2693954 1644972154455
4.4410787 -0.8063812 6.9009004 1644972154467
4.3334017 -0.83748794 6.4701924 1644972154476
4.173083 -0.94277215 5.9724855 1644972154484
4.0127635 -1.0145568 5.395815 1644972154494
3.8165522 -1.0289137 4.881358 1644972154506
3.682554 -0.91884387 4.3645086 1644972154515
3.5820556 -0.6436693 3.8404803 1644972154528
3.4576287 -0.3684947 3.2614172 1644972154534
3.2757742 -0.11246266 2.7589245 1644972154546
3.141776 0.20338993 2.2995026 1644972154555
3.0652058 0.5479564 1.942972 1644972154565
3.0604203 0.8350951 1.6630118 1644972154575
3.101098 1.0743774 1.4500505 1644972154585
3.1226335 1.282553 1.2801601 1644972154596
3.0867412 1.4763715 1.0600204 1644972154605
3.0053852 1.6797615 0.7298109 1644972154610
2.8809586 1.8927227 0.3589234 1644972154625
2.6991038 1.9214365 -0.047856454 1644972154632
2.5722845 1.7826529 -0.46660042 1644972154642
2.524428 1.6175481 -0.74416786 1644972154649
2.5292134 1.579263 -0.8709874 1644972154662
2.5818555 1.6510476 -0.9451649 1644972154668
2.5674987 1.7371893 -0.8925229 1644972154681
2.4765713 1.6917256 -0.7537391 1644972154691
2.3832514 1.442872 -0.44027936 1644972154699
2.3425734 1.0456635 0.009571291 1644972154710
2.3401806 0.40438703 0.4761717 1644972154720
2.3784657 -0.44985065 0.9882358 1644972154730
2.548356 -1.174876 1.3998013 1644972154739
2.656033 -1.4045869 2.1774685 1644972154749
2.8642087 -1.1030912 3.1800613 1644972154760
3.2638102 -0.2321038 4.237689 1644972154769
3.5796626 1.1557333 5.3790655 1644972154779
3.7615173 2.3808584 6.491728 1644972154789
3.9146578 2.9359934 7.420143 1644972154798
4.022335 2.6823542 8.054241 1644972154807
4.1180477 1.7922242 8.662018 1644972154820
4.0558343 0.47377887 9.296116 1644972154827
4.024728 -1.0887343 10.1599245 1644972154839
4.321438 -2.5316064 11.169696 1644972154846
4.8693943 -3.481557 12.248859 1644972154859
5.460421 -3.7040894 13.3639145 1644972154865
5.977271 -3.1537402 14.22533 1644972154877
6.4366927 -2.292324 14.955141 1644972154889
6.8913293 -1.5050855 15.486348 1644972154898
7.396215 -1.2083755 15.668202 1644972154909
7.958528 -1.5864414 15.77588 1644972154915
8.551949 -2.2660031 15.768702 1644972154928
8.922835 -2.9336007 15.639489 1644972154936
9.102298 -3.3762727 15.517455 1644972154948
9.238688 -3.4743786 15.469599 1644972154957
9.262616 -3.1776686 15.481563 1644972154967
9.12144 -2.5220351 15.471992 1644972154976
8.807981 -1.7419748 15.436099 1644972154987
8.499306 -1.1581261 15.486348 1644972154995
8.142776 -0.7704889 15.378671 1644972155007
7.7407813 -0.6221339 15.199209 1644972155016
7.4249287 -0.74416786 15.000606 1644972155027
7.1617184 -0.93320084 14.727823 1644972155036
6.943971 -1.2562319 14.486148 1644972155046
6.8243303 -1.6199409 14.246866 1644972155056
6.8051877 -1.8544376 13.969298 1644972155066
6.788438 -1.9286151 13.651053 1644972155076
6.721439 -1.9381863 13.253844 1644972155086
6.5946193 -1.8903298 12.782458 1644972155097
6.4295144 -1.7898313 12.30868 1644972155103
6.2237315 -1.5816557 11.770294 1644972155116
5.9748783 -1.3471591 11.126625 1644972155122
5.7355957 -1.2370893 10.506885 1644972155136
5.515456 -1.2035898 9.91825 1644972155142
5.3407803 -1.0935199 9.375079 1644972155155
5.1661043 -0.91166544 8.843872 1644972155163
4.989035 -0.7322037 8.310273 1644972155175
4.8382874 -0.634098 7.7647095 1644972155182
4.6755753 -0.55752766 7.2358956 1644972155197
4.534399 -0.44745782 6.7573314 1644972155202
4.4410787 -0.28235307 6.3194447 1644972155215
4.316652 -0.038285162 5.7834525 1644972155221
4.139583 0.1363909 5.209175 1644972155234
3.9146578 0.15314065 4.651647 1644972155241
3.6777685 0.10767702 4.125226 1644972155254
3.4863427 0.05742774 3.6227336 1644972155263
3.3164523 0.0071784677 3.1369905 1644972155270
3.1561332 -0.05503492 2.737389 1644972155282
2.9742785 -0.11246266 2.3904297 1644972155294
2.8139594 -0.14117654 2.0985055 1644972155300
2.713461 -0.124426775 1.9214365 1644972155314
2.644069 -0.011964113 1.7922242 1644972155320
2.57707 0.19621146 1.591227 1644972155333
2.4670002 0.43788654 1.3519448 1644972155339
2.3449662 0.66999036 1.052842 1644972155352
2.1918256 0.79920274 0.7704889 1644972155362
2.0003998 0.86141616 0.57427746 1644972155372
1.8544376 0.88295156 0.4977071 1644972155383
1.8520447 0.8877372 0.4881358 1644972155391
1.9549361 0.8757731 0.55513483 1644972155401
2.0051854 0.8207382 0.6939186 1644972155412
2.0147567 0.634098 0.81595254 1644972155421
1.9884356 0.29671 1.119841 1644972155432
2.0051854 -0.086141616 1.5816557 1644972155438
2.1942184 -0.485743 2.0003998 1644972155451
2.5124638 -0.8997013 2.495714 1644972155458
2.7684958 -1.1844472 3.1250265 1644972155471
2.926422 -1.3136597 3.6586258 1644972155478
3.0723844 -1.3734802 4.0965123 1644972155492
3.129812 -1.3375878 4.5894337 1644972155497
3.2183464 -1.3112668 5.319245 1644972155510
3.505485 -1.2227324 6.285945 1644972155521
3.9050865 -0.81834537 7.331609 1644972155527
4.4171505 -0.078963146 8.523234 1644972155540
5.0656056 0.715454 9.525827 1644972155547
5.613562 1.0959128 10.502099 1644972155560
6.094519 0.9451649 11.248659 1644972155566
6.5491557 0.47138608 11.7463665 1644972155579
6.984649 -0.3062813 12.210574 1644972155589
7.5349984 -1.1653047 12.634104 1644972155598
8.17149 -1.9214365 12.820744 1644972155610
8.599805 -2.7445676 12.981063 1644972155617
8.9108715 -3.4289148 13.160524 1644972155629
9.174082 -3.6634114 13.397414 1644972155637
9.24826 -3.6131623 13.672588 1644972155648
9.284152 -3.4049866 13.993227 1644972155658
9.341579 -3.0963125 14.361721 1644972155668
9.375079 -2.8426733 14.756537 1644972155678
9.363115 -2.6368906 15.046069 1644972155689
9.200403 -2.4311078 15.299708 1644972155697
8.886943 -2.2731814 15.409778 1644972155707
8.477771 -2.213361 15.328422 1644972155718
8.080562 -2.292324 15.122639 1644972155726
7.719246 -2.416751 14.823536 1644972155738
7.3986077 -2.536392 14.435899 1644972155744
7.1688967 -2.6129622 14.038691 1644972155759
7.066005 -2.644069 13.734802 1644972155769
7.051648 -2.603391 13.502698 1644972155777
7.094719 -2.4646072 13.361522 1644972155789
7.123433 -2.2181466 13.167703 1644972155799
7.085148 -2.0219352 12.892529 1644972155809
7.001399 -1.9286151 12.543177 1644972155818
6.867401 -1.902294 12.165111 1644972155830
6.7262244 -1.9334008 11.693725 1644972155839
6.5539412 -1.9716859 11.184053 1644972155849
6.3481584 -1.9525433 10.557134 1644972155859
6.070591 -1.9860427 10.006784 1644972155868
5.8887367 -2.0338993 9.492328 1644972155879
5.74756 -1.969293 9.049655 1644972155887
5.6207404 -1.7994026 8.518449 1644972155900
5.410172 -1.6175481 8.030313 1644972155906
5.2833524 -1.4093726 7.618747 1644972155919
5.2307105 -1.1030912 7.068398 1644972155926
5.029713 -0.83988076 6.4366927 1644972155938
4.7856455 -0.71306115 5.84088 1644972155947
4.551149 -0.6795616 5.245067 1644972155959
4.338187 -0.701097 4.6492543 1644972155964
4.132405 -0.7704889 4.0869412 1644972155978
3.95055 -0.8207382 3.6107693 1644972155986
3.790231 -0.72502524 3.17049 1644972155997
3.6251264 -0.47856453 2.7565317 1644972156005
3.4408789 -0.15314065 2.3808584 1644972156016
3.2733815 0.21774685 2.0578275 1644972156027
3.158526 0.6364908 1.7563318 1644972156033
3.0029924 0.9667004 1.5266209 1644972156046
2.8881369 1.1724831 1.2586247 1644972156056
2.8091738 1.308874 0.9810573 1644972156066
2.7493532 1.4620147 0.6963114 1644972156076
2.684747 1.6271194 0.40438703 1644972156086
2.5555346 1.8065811 0.12203395 1644972156096
2.4263222 1.8711873 -0.021535404 1644972156103
2.4191437 1.8448663 -0.10767702 1644972156116
2.5435705 1.7395821 -0.03589234 1644972156125
2.7014968 1.6127625 0.14356937 1644972156136
2.804388 1.4739788 0.38763726 1644972156144
2.87378 1.2897314 0.6771688 1644972156156
2.9766715 1.0815558 1.0313065 1644972156163
3.1082766 0.80877405 1.4691931 1644972156174
3.2135608 0.5024927 1.9214365 1644972156183
3.225525 0.27038896 2.3952155 1644972156194
3.0987053 0.09332009 2.9599216 1644972156203
2.9647074 -0.09092726 3.507878 1644972156213
2.8283165 -0.27996024 4.031906 1644972156225
2.7613173 -0.68195444 4.6564326 1644972156232
2.8881369 -1.2921243 5.300102 1644972156244
3.0173492 -1.9094725 6.300302 1644972156253
3.3140593 -2.213361 7.3196445 1644972156264
3.6634114 -2.1894326 8.4682 1644972156273
3.9816568 -1.8376877 9.456435 1644972156282
4.1898327 -1.4907285 10.317851 1644972156293
4.3118663 -1.3591232 11.219945 1644972156301
4.5678983 -1.3136597 12.095718 1644972156314
4.9531426 -1.227518 12.882957 1644972156321
5.407779 -1.2562319 13.777873 1644972156333
5.919843 -1.3567305 14.426328 1644972156342
6.3720865 -1.579263 14.928821 1644972156352
6.8339014 -2.0147567 15.227923 1644972156362
7.348358 -2.57707 15.433706 1644972156372
7.8604226 -3.0580273 15.57249 1644972156381
8.260024 -3.3236306 15.567704 1644972156392
8.499306 -3.4528432 15.531812 1644972156400
8.645268 -3.4456646 15.455241 1644972156412
8.745767 -3.3523445 15.38585 1644972156421
8.752945 -3.2063823 15.314065 1644972156432
8.69791 -3.0269206 15.141782 1644972156440
8.518449 -2.902494 14.933606 1644972156451
8.193025 -2.7852457 14.658431 1644972156462
7.786245 -2.7086751 14.330615 1644972156469
7.365108 -2.6129622 13.976477 1644972156480
7.0205417 -2.4239295 13.636696 1644972156491
6.721439 -2.210968 13.2921295 1644972156501
6.498906 -2.0697916 12.981063 1644972156510
6.4199433 -1.9812572 12.701102 1644972156521
6.448657 -1.9310079 12.468999 1644972156529
6.4558353 -1.8807586 12.217752 1644972156540
6.364908 -1.7802601 11.880364 1644972156549
6.1734824 -1.6965113 11.473584 1644972156560
5.946164 -1.6175481 10.978271 1644972156568
5.7858453 -1.5218352 10.425529 1644972156578
5.582455 -1.4524434 9.844072 1644972156589
5.4029937 -1.3734802 9.221938 1644972156598
5.2331033 -1.3280165 8.626125 1644972156610
5.072784 -1.2897314 8.082955 1644972156619
4.996214 -1.174876 7.62114 1644972156630
4.941179 -0.971486 7.152147 1644972156637
4.867001 -0.7513463 6.7238317 1644972156649
4.807181 -0.55752766 6.3194447 1644972156658
4.6875396 -0.34217364 5.869594 1644972156669
4.476971 -0.11246266 5.4029937 1644972156676
4.2711883 0.12921242 4.9531426 1644972156689
4.1276193 0.32303107 4.5152564 1644972156696
4.017549 0.41156548 4.0390844 1644972156704
3.8763726 0.3924229 3.5964124 1644972156717
3.7471602 0.33738798 3.2159536 1644972156727
3.641876 0.29671 2.902494 1644972156736
3.5389848 0.32303107 2.5938199 1644972156747
3.414558 0.39481574 2.3449662 1644972156756
3.3284163 0.5479564 2.105684 1644972156766
3.2638102 0.7082755 1.8376877 1644972156776
3.1561332 0.8255238 1.538585 1644972156786
3.0029924 0.79441714 1.2466606 1644972156795
2.833102 0.6652047 1.0193424 1644972156806
2.6895328 0.49292147 0.9284152 1644972156812
2.6464617 0.42592242 0.94277215 1644972156827
2.6632116 0.46181476 1.0624132 1644972156836
2.6632116 0.49292147 1.18684 1644972156847
2.6129622 0.4235296 1.2873386 1644972156852
2.5148566 0.23449662 1.4189439 1644972156866
2.455036 -0.033499517 1.6773686 1644972156875
2.5722845 -0.28235307 2.0434706 1644972156886
2.8187451 -0.45224348 2.440679 1644972156895
2.9455647 -0.58624154 2.9910283 1644972156902
3.022135 -0.6987042 3.4672 1644972156916
3.1345978 -0.782453 3.9673 1644972156924
3.2087753 -0.8566305 4.5894337 1644972156934
3.3762727 -0.8327023 5.2283173 1644972156944
3.5365918 -0.69152576 5.8839507 1644972156955
3.6370904 -0.5192425 6.652047 1644972156964
3.7974095 -0.3182454 7.4392858 1644972156974
3.9601214 -0.32542387 8.374879 1644972156984
4.254439 -0.567099 9.475577 1644972156994
4.7210393 -0.88295156 10.5284195 1644972157006
5.2570314 -1.2203395 11.480763 1644972157012
5.7451673 -1.5888343 12.361321 1644972157024
6.192625 -2.0865414 13.095919 1644972157033
6.6017976 -2.6823542 13.777873 1644972157044
7.094719 -3.1609187 14.409578 1644972157052
7.60439 -3.2685957 14.854643 1644972157064
7.881958 -3.1274192 15.172889 1644972157072
8.035098 -2.952743 15.488741 1644972157082
8.274381 -2.6488547 15.651453 1644972157092
8.348558 -2.347359 15.744773 1644972157102
8.310273 -2.158326 15.7184515 1644972157113
8.30788 -2.0889342 15.68256 1644972157122
8.178668 -2.103291 15.529419 1644972157133
7.8628154 -2.349752 15.3356 1644972157140
7.609176 -2.7110682 15.199209 1644972157152
7.379465 -2.9240294 14.998212 1644972157163
7.1688967 -3.0173492 14.739787 1644972157169
6.879365 -3.0436704 14.407186 1644972157182
6.6424756 -3.010171 14.014762 1644972157189
6.4366927 -2.8642087 13.581661 1644972157200
6.233303 -2.5842485 13.115061 1644972157212
6.0490556 -2.2707887 12.636497 1644972157219
5.8863435 -1.9740787 12.155539 1644972157231
5.7547383 -1.7156538 11.674582 1644972157240
5.599205 -1.5146568 11.19841 1644972157251
5.4412785 -1.416551 10.717453 1644972157261
5.2833524 -1.3854443 10.250853 1644972157270
5.113462 -1.39023 9.717253 1644972157278
4.9435716 -1.430908 9.2075815 1644972157291
4.759324 -1.4069797 8.693125 1644972157297
4.5655055 -1.3280165 8.181061 1644972157308
4.3669014 -1.227518 7.647461 1644972157318
4.15394 -1.1389836 7.2095747 1644972157331
4.063013 -0.9667004 6.7381887 1644972157338
3.938586 -0.6963114 6.175875 1644972157351
3.6801612 -0.5192425 5.575277 1644972157358
3.481557 -0.4426722 5.089534 1644972157370
3.37388 -0.3397808 4.6085763 1644972157379
3.2829528 -0.26799613 4.1347976 1644972157390
3.2087753 -0.23688944 3.6801612 1644972157397
3.1728828 -0.18664017 3.266203 1644972157405
3.1274192 -0.050249275 2.9048867 1644972157419
3.0987053 0.13160525 2.6368906 1644972157427
3.1633115 0.3182454 2.3449662 1644972157439
3.2566316 0.50488555 2.0482562 1644972157448
3.3355947 0.6843473 1.7587247 1644972157458
3.3930225 0.8709874 1.4644074 1644972157468
3.4504502 1.1078769 1.1150553 1644972157476
3.4073794 1.2801601 0.78723866 1644972157485
3.278167 1.2658032 0.54317075 1644972157497
3.1752756 1.105484 0.44985065 1644972157508
3.1800613 0.9379865 0.46181476 1644972157517
3.3044882 0.86141616 0.58624154 1644972157528
3.3667014 0.8925229 0.7465607 1644972157537
3.2638102 0.83030945 0.94755775 1644972157548
3.0077782 0.57427746 1.1940185 1644972157555
2.7708886 0.20817557 1.6821543 1644972157567
2.7421749 -0.09332009 2.37368 1644972157576
2.9862428 -0.27038896 3.2015967 1644972157586
3.37388 -0.35413775 3.9218364 1644972157597
3.6849468 -0.43788654 4.421936 1644972157609
3.739982 -0.65324056 4.7162533 1644972157614
3.5294135 -1.1294123 4.981857 1644972157625
3.3786657 -1.7012969 5.6446686 1644972157636
3.5437703 -2.0961127 6.4773707 1644972157646
3.8117664 -2.3018954 7.393822 1644972157655
4.0773697 -2.5627131 8.295917 1644972157666
4.2975097 -2.9862428 9.157332 1644972157675
4.5798626 -3.37388 10.24846 1644972157684
5.029713 -3.5294135 11.346765 1644972157695
5.491528 -3.5676985 12.268002 1644972157706
5.907879 -3.6610186 13.194024 1644972157711
6.458228 -3.7136607 13.921442 1644972157724
7.1066833 -3.7950168 14.423935 1644972157734
7.688139 -4.072584 14.691931 1644972157743
8.092526 -4.3525443 14.802001 1644972157753
8.365308 -4.505685 14.811572 1644972157763
8.618947 -4.510471 14.763716 1644972157773
8.896515 -4.4171505 14.739787 1644972157782
9.104691 -4.287938 14.677574 1644972157793
9.245867 -4.156333 14.68236 1644972157802
9.317652 -3.9170506 14.64886 1644972157814
9.205189 -3.6801612 14.617754 1644972157819
8.985049 -3.455236 14.565111 1644972157834
8.618947 -3.2542388 14.392828 1644972157843
8.181061 -3.225525 14.167903 1644972157853
7.793423 -3.3355947 13.887942 1644972157862
7.4919276 -3.5006995 13.603197 1644972157874
7.2861447 -3.6179478 13.318451 1644972157881
7.1042905 -3.5653057 12.981063 1644972157894
6.893722 -3.3667014 12.564712 1644972157900
6.623333 -3.1489546 12.102897 1644972157912
6.35773 -2.87378 11.571691 1644972157923
6.099305 -2.605784 11.026127 1644972157929
5.85763 -2.4095724 10.523634 1644972157942
5.812166 -2.2157538 10.078569 1644972157950
5.7810597 -1.9573289 9.549755 1644972157962
5.611169 -1.7850457 8.985049 1644972157971
5.395815 -1.753939 8.472985 1644972157982
5.252246 -1.7060826 7.9298143 1644972157988
5.0919266 -1.6007984 7.3459654 1644972158000
4.8454657 -1.4931214 6.690332 1644972158010
4.6037908 -1.4500505 6.0658054 1644972158017
4.4051867 -1.3519448 5.3982077 1644972158031
4.213761 -1.2610176 4.735396 1644972158040
4.0127635 -1.1844472 4.132405 1644972158051
3.8548372 -1.0743774 3.6083765 1644972158060
3.7543387 -0.89013004 3.1896327 1644972158070
3.6993039 -0.6221339 2.821138 1644972158080
3.65384 -0.29671 2.5387847 1644972158090
3.6131623 0.069391854 2.2612174 1644972158099
3.5700915 0.44985065 2.0410776 1644972158111
3.4863427 0.7680961 1.8329022 1644972158118
3.4073794 1.012164 1.6079768 1644972158130
3.3260236 1.1246266 1.39023 1644972158138
3.278167 1.1700903 1.119841 1644972158149
3.2231321 1.1246266 0.8446664 1644972158160
3.141776 1.0049855 0.59342 1644972158167
3.050849 0.87338024 0.42831525 1644972158179
2.9742785 0.77766734 0.3062813 1644972158188
2.8977082 0.66759753 0.27038896 1644972158197
2.8522446 0.46181476 0.30388847 1644972158215
2.8307092 0.17228323 0.47856453 1644972158215
2.8761728 -0.11964113 0.7848458 1644972158229
2.955136 -0.32303107 1.2203395 1644972158238
3.0532417 -0.4139583 1.7180467 1644972158248
3.0532417 -0.4235296 2.3521447 1644972158257
3.0436704 -0.43788654 2.9623144 1644972158267
3.0915267 -0.4761717 3.5796626 1644972158278
3.1752756 -0.63170516 4.130012 1644972158287
3.2327034 -0.971486 4.54397 1644972158298
3.1752756 -1.4093726 5.063213 1644972158309
3.2638102 -1.7515461 5.680561 1644972158315
3.4097722 -1.9980069 6.4031935 1644972158327
3.586841 -2.2612174 7.3268228 1644972158336
3.9649072 -2.5196424 8.293523 1644972158347
4.4051867 -2.7278178 9.2075815 1644972158354
4.8119664 -2.900101 10.131211 1644972158369
5.1876397 -2.9312077 10.968699 1644972158375
5.5106707 -2.754139 12.050255 1644972158385
5.95095 -2.3569303 13.110275 1644972158396
6.463014 -1.9716859 14.074583 1644972158404
6.9128647 -1.8807586 14.768501 1644972158414
7.1377897 -2.1655045 15.177674 1644972158424
7.2095747 -2.926422 15.603597 1644972158436
7.408179 -3.7854455 16.007984 1644972158445
7.6737823 -4.4195433 16.3358 1644972158456
7.960921 -4.8191447 16.527225 1644972158464
8.066205 -4.912465 16.534405 1644972158475
7.91785 -4.8933225 16.366907 1644972158481
7.618747 -4.9268217 16.280766 1644972158495
7.4105716 -4.914858 16.235302 1644972158503
7.1976104 -4.7784667 16.130018 1644972158514
6.903293 -4.584648 15.998412 1644972158520
6.5659056 -4.398008 15.8309145 1644972158532
6.2787666 -4.213761 15.577275 1644972158541
6.017949 -4.046263 15.163317 1644972158551
5.7116675 -3.912265 14.689538 1644972158561
5.4963136 -3.830909 14.103296 1644972158571
5.276174 -3.723232 13.447663 1644972158581
5.0919266 -3.603591 12.832707 1644972158590
4.9531426 -3.426522 12.208181 1644972158601
4.7832522 -3.2063823 11.612369 1644972158612
4.6612186 -2.9838498 11.026127 1644972158618
4.5655055 -2.766103 10.523634 1644972158631
4.5726843 -2.5866413 9.982856 1644972158637
4.476971 -2.4454648 9.45165 1644972158648
4.3788652 -2.2827528 8.961121 1644972158660
4.314259 -2.0697916 8.5112705 1644972158671
4.2592244 -1.7706888 7.958528 1644972158677
4.1443686 -1.564906 7.32443 1644972158690
4.022335 -1.5744773 6.6352973 1644972158696
3.9696927 -1.5720844 5.95095 1644972158709
3.9146578 -1.4476577 5.302495 1644972158717
3.8572302 -1.2849457 4.725825 1644972158731
3.8811584 -1.0887343 4.2281175 1644972158741
3.9338005 -0.8542377 3.7567315 1644972158749
3.9242291 -0.6628119 3.345166 1644972158760
3.9218364 -0.55752766 3.0460632 1644972158771
3.979264 -0.44985065 2.845066 1644972158779
4.0510488 -0.24646074 2.6703901 1644972158790
4.0558343 -0.0526421 2.4861426 1644972158800
4.0534415 0.08135597 2.2875385 1644972158811
4.0390844 0.22971097 2.0793629 1644972158819
3.991228 0.45702913 1.8257236 1644972158830
3.8763726 0.7704889 1.4835501 1644972158842
3.6681972 1.0695918 1.1126626 1644972158848
3.426522 1.2155539 0.80877405 1644972158861
3.2829528 1.2753744 0.55034924 1644972158870
3.2231321 1.3112668 0.3804588 1644972158881
3.1441689 1.3208381 0.3493521 1644972158888
3.0652058 1.2634103 0.45942193 1644972158899
3.1489546 1.1365907 0.69152576 1644972158910
3.318845 0.9834501 1.0408778 1644972158916
3.4360933 0.8135597 1.4356936 1644972158927
3.4576287 0.5910272 1.8017955 1644972158941
3.3834512 0.37567315 2.07697 1644972158947
3.1872396 0.09571291 2.3856442 1644972158959
2.8881369 -0.14117654 2.9216363 1644972158968
2.7469604 -0.15074782 3.5796626 1644972158976
2.8139594 -0.05742774 4.2999024 1644972158989
2.8761728 -0.083748795 4.910072 1644972158998
2.7732813 -0.2656033 5.465207 1644972159007
2.6273193 -0.49052864 5.8839507 1644972159019
2.6153553 -0.7896315 6.195018 1644972159026
2.6656044 -1.2777673 6.611369 1644972159038
2.8570302 -1.7898313 7.183254 1644972159045
3.1489546 -2.065006 7.826923 1644972159056
3.4241292 -2.1248264 8.573483 1644972159067
3.8333018 -2.132005 9.3104725 1644972159077
4.304688 -2.050649 9.779466 1644972159087
4.7377887 -2.1128623 10.320244 1644972159098
5.2498527 -2.4263222 11.014163 1644972159104
6.0011992 -2.7996025 11.808579 1644972159117
6.9344 -3.2973096 12.519248 1644972159126
7.759924 -3.845266 13.19881 1644972159138
8.336594 -4.2592244 13.947763 1644972159144
8.810373 -4.4602213 14.651253 1644972159158
9.140582 -4.5152564 15.187245 1644972159164
9.408579 -4.4841495 15.488741 1644972159176
9.547362 -4.371687 15.586846 1644972159185
9.425328 -4.3262234 15.579668 1644972159194
9.332008 -4.2711883 15.591632 1644972159205
9.327223 -4.0366917 15.570097 1644972159216
9.0544405 -3.641876 15.3906355 1644972159222
8.60459 -3.2709885 15.153746 1644972159236
8.178668 -3.010171 14.861821 1644972159243
7.7814593 -2.861816 14.486148 1644972159253
7.408179 -2.8091738 14.065011 1644972159265
7.068398 -2.8689942 13.663017 1644972159274
6.7238317 -2.981457 13.225131 1644972159285
6.3720865 -3.1202407 12.727424 1644972159293
6.0921264 -3.249453 12.287145 1644972159301
5.9174504 -3.333202 11.9019 1644972159310
5.8480587 -3.2877383 11.521441 1644972159320
5.773881 -3.1274192 11.129018 1644972159330
5.6470613 -2.9312077 10.770095 1644972159340
5.4987063 -2.7589245 10.4566345 1644972159351
5.3742795 -2.481357 10.085748 1644972159360
5.2833524 -2.2372892 9.698111 1644972159370
5.180461 -2.120041 9.255438 1644972159379
5.0129633 -2.103291 8.848659 1644972159391
4.962714 -1.9932213 8.487342 1644972159396
4.912465 -1.713261 8.032705 1644972159410
4.749753 -1.5122639 7.537391 1644972159417
4.5678983 -1.4117653 6.943971 1644972159430
4.395615 -1.3208381 6.3290157 1644972159436
4.2161536 -1.3160524 5.771488 1644972159447
4.0677986 -1.3184453 5.304888 1644972159459
3.9074793 -1.2394822 4.8861437 1644972159467
3.7471602 -1.0695918 4.551149 1644972159478
3.5844483 -0.8709874 4.287938 1644972159490
3.414558 -0.7106683 4.1180477 1644972159496
3.3116665 -0.65084773 4.007978 1644972159511
3.251846 -0.61734825 3.9673 1644972159515
3.1752756 -0.50488555 3.8356948 1644972159529
3.0580273 -0.36610186 3.6777685 1644972159535
2.9336007 -0.25124636 3.4073794 1644972159553
2.7828526 -0.20578274 3.1058838 1644972159559
2.617748 -0.25124636 2.7397819 1644972159566
2.4311078 -0.28713873 2.3138595 1644972159576
2.239682 -0.20817557 1.8879371 1644972159586
2.0051854 -0.031106694 1.5290136 1644972159596
1.8496519 0.16031912 1.2897314 1644972159608
1.7826529 0.35174492 1.1437693 1644972159617
1.7659031 0.49292147 1.1724831 1644972159626
1.7563318 0.6197411 1.3615161 1644972159635
1.7970098 0.7609176 1.6749759 1644972159646
1.9645073 0.86859465 2.0554347 1644972159655
2.2325034 0.90448695 2.4335005 1644972159665
2.4311078 0.89491564 2.8761728 1644972159674
2.507678 0.8446664 3.3667014 1644972159685
2.6225336 0.74416786 3.8285162 1644972159694
2.7756743 0.5455636 4.2664027 1644972159704
2.9072795 0.17467605 4.706682 1644972159715
3.0675986 -0.5288138 5.326423 1644972159725
3.3260236 -1.2921243 6.053841 1644972159734
3.656233 -1.9669002 6.943971 1644972159744
4.019942 -2.5172493 7.9226356 1644972159754
4.402794 -2.9455647 8.898908 1644972159763
4.833502 -3.2757742 9.810573 1644972159774
5.2642097 -3.5198421 10.6815605 1644972159783
5.6063833 -3.6251264 11.397015 1644972159793
5.831309 -3.6011982 12.01197 1644972159803
6.1639113 -3.548556 12.701102 1644972159812
6.556334 -3.3523445 13.256237 1644972159821
6.8889365 -3.103491 13.689339 1644972159831
7.152147 -2.9718857 13.945371 1644972159842
7.405786 -3.1489546 14.134403 1644972159853
7.8149586 -3.574877 14.275579 1644972159863
8.250452 -3.9696927 14.244473 1644972159874
8.451449 -4.273581 14.175081 1644972159883
8.575876 -4.5535417 14.191831 1644972159893
8.666803 -4.6564326 14.122439 1644972159903
8.580662 -4.6731825 14.053047 1644972159911
8.377272 -4.6372905 14.057833 1644972159922
8.188239 -4.453043 14.009976 1644972159931
7.9800634 -4.254439 13.950156 1644972159942
7.7503524 -4.0941195 13.847264 1644972159952
7.4943204 -3.9888353 13.679767 1644972159962
7.2215385 -3.9194436 13.423735 1644972159970
7.051648 -3.9170506 13.170095 1644972159981
6.984649 -3.9146578 12.904492 1644972159991
6.884151 -3.830909 12.547962 1644972160001
6.728617 -3.6466618 12.191431 1644972160011
6.5084777 -3.3930225 11.753545 1644972160021
6.257231 -3.2015967 11.318051 1644972160031
6.0323057 -3.0747771 10.884951 1644972160041
5.757131 -2.940779 10.432707 1644972160050
5.453243 -2.8019953 9.920643 1644972160059
5.1493545 -2.6799614 9.430114 1644972160070
4.9172506 -2.589034 8.965906 1644972160080
4.725825 -2.4430718 8.518449 1644972160090
4.5559344 -2.2229323 8.078169 1644972160100
4.426722 -1.9908284 7.6666036 1644972160111
4.287938 -1.7659031 7.1856465 1644972160119
4.0965123 -1.6319051 6.7238317 1644972160129
3.9649072 -1.6199409 6.4031935 1644972160139
3.9361932 -1.5744773 6.06102 1644972160149
3.897908 -1.5170496 5.709275 1644972160159
3.8572302 -1.4333007 5.3718867 1644972160169
3.7974095 -1.2993027 5.048856 1644972160178
3.735196 -1.1318051 4.7401814 1644972160189
3.6777685 -0.930808 4.453043 1644972160197
3.6107693 -0.6556334 4.1180477 1644972160210
3.5270207 -0.38524446 3.8237305 1644972160217
3.4289148 -0.1698904 3.4983068 1644972160227
3.359523 0.014356935 3.1920254 1644972160237
3.3140593 0.15792629 2.8905299 1644972160246
3.3140593 0.2727818 2.5794628 1644972160257
3.318845 0.38763726 2.28036 1644972160268
3.2757742 0.50009996 2.0315065 1644972160278
3.2087753 0.5766702 1.8592232 1644972160287
3.196811 0.65084773 1.7826529 1644972160298
3.2542388 0.83030945 1.820938 1644972160308
3.3690944 1.0887343 1.8664017 1644972160318
3.4576287 1.2969099 1.9334008 1644972160327
3.5126636 1.3830515 1.9764715 1644972160335
3.5294135 1.3567305 2.0482562 1644972160346
3.5509489 1.2203395 2.0985055 1644972160357
3.548556 1.0169497 2.2875385 1644972160366
3.5724843 0.7920243 2.5866413 1644972160377
3.6514473 0.53599226 2.9336007 1644972160384
3.7256248 0.3397808 3.2566316 1644972160395
3.7040894 0.14117654 3.5581272 1644972160405
3.5772698 -0.11485548 3.8787656 1644972160416
3.4719856 -0.42592242 4.213761 1644972160425
3.5676985 -0.6556334 4.7832522 1644972160435
3.9696927 -0.6436693 5.4341 1644972160446
4.359723 -0.57906306 6.070591 1644972160456
4.479364 -0.6197411 6.501299 1644972160465
4.3357944 -0.79441714 6.8410797 1644972160475
4.1898327 -1.1078769 7.2382884 1644972160484
4.2185464 -1.4979069 7.759924 1644972160495
4.3525443 -1.9214365 8.269595 1644972160505
4.56072 -2.376073 9.004191 1644972160513
4.938786 -2.7230322 9.793823 1644972160523
5.393422 -2.9766715 10.612168 1644972160534
5.9318075 -3.1657043 11.428121 1644972160545
6.5371914 -3.2614172 12.107682 1644972160555
7.21436 -3.2231321 12.756138 1644972160563
7.702496 -3.0077782 13.110275 1644972160574
7.836494 -2.8235307 13.205988 1644972160583
7.8221374 -2.8761728 13.301702 1644972160593
8.035098 -3.2590244 13.4763775 1644972160603
8.353344 -3.6897326 13.639089 1644972160612
8.578269 -4.074977 13.744373 1644972160622
8.688339 -4.3238306 13.871193 1644972160632
8.628518 -4.328616 13.897514 1644972160642
8.429914 -4.249653 14.02194 1644972160653
8.300702 -4.15394 14.122439 1644972160662
8.109276 -4.046263 14.1009035 1644972160672
7.826923 -3.9050865 13.990834 1644972160683
7.499106 -3.6849468 13.768302 1644972160693
7.1018977 -3.4911282 13.383057 1644972160702
6.6999035 -3.4289148 12.916456 1644972160713
6.4151573 -3.4337006 12.425928 1644972160721
6.1591253 -3.4576287 11.925828 1644972160730
5.9724855 -3.4528432 11.447264 1644972160740
5.852844 -3.2949169 11.145768 1644972160750
5.802595 -2.87378 10.839486 1644972160759
5.716453 -2.3856442 10.504492 1644972160770
5.613562 -2.0697916 10.174282 1644972160780
5.5298133 -1.9166509 9.894321 1644972160790
5.4867425 -1.8233309 9.652647 1644972160800
5.3910294 -1.7970098 9.305687 1644972160810
5.2809596 -1.8400806 8.961121 1644972160819
5.204389 -1.861616 8.606983 1644972160828
5.099105 -1.875973 8.252846 1644972160840
5.003392 -1.9310079 7.8628154 1644972160850
4.883751 -2.0027926 7.5086775 1644972160860
4.800002 -1.9812572 7.1784678 1644972160869
4.7114677 -1.9142581 6.798009 1644972160880
4.5798626 -1.8281165 6.393622 1644972160890
4.4410787 -1.7467605 6.013163 1644972160899
4.3357944 -1.68694 5.656633 1644972160909
4.2448673 -1.6366907 5.3336015 1644972160918
4.130012 -1.5457634 4.989035 1644972160933
4.0390844 -1.4452649 4.6707897 1644972160943
3.952943 -1.3543376 4.386044 1644972160953
3.8931224 -1.2370893 4.0845485 1644972160963
3.8093736 -1.0289137 3.711268 1644972160973
3.656233 -0.7393822 3.2470603 1644972160982
3.4217365 -0.50009996 2.8283165 1644972160993
3.1896327 -0.35174492 2.481357 1644972161002
3.034099 -0.24646074 2.2181466 1644972161009
2.993421 -0.09810573 2.0291135 1644972161023
2.9982069 0.086141616 1.9812572 1644972161029
3.0125637 0.26081768 2.0171494 1644972161042
3.0723844 0.40677986 2.210968 1644972161051
3.182454 0.4953143 2.5028925 1644972161062
3.3140593 0.46899325 2.861816 1644972161070
3.493521 0.44745782 3.199204 1644972161082
3.7064822 0.41156548 3.5892339 1644972161091
3.8835511 0.27996024 3.9673 1644972161102
4.019942 0.11006984 4.302295 1644972161109
4.208975 -0.09571291 4.599005 1644972161121
4.395615 -0.33020952 5.020142 1644972161130
4.5272202 -0.4642076 5.386244 1644972161142
4.6396832 -0.5982057 5.881558 1644972161147
4.8598228 -0.61016977 6.355337 1644972161160
5.0847483 -0.5383851 6.74776 1644972161169
5.3072805 -0.5982057 7.066005 1644972161181
5.572884 -0.78723866 7.381858 1644972161190
5.7834525 -1.0049855 7.6307116 1644972161199
5.8839507 -1.2011969 7.8053875 1644972161210
5.9150577 -1.3495519 8.195417 1644972161218
6.087341 -1.2777673 8.73141 1644972161227
6.300302 -1.0624132 9.08794 1644972161240
6.3792653 -1.1174482 9.454042 1644972161249
6.463014 -1.4045869 9.700503 1644972161260
6.5539412 -1.7635103 9.817751 1644972161269
6.613762 -2.1702902 9.923036 1644972161278
6.6352973 -2.5292134 10.025927 1644972161289
6.606583 -2.7278178 10.102497 1644972161297
6.5659056 -2.8689942 10.188639 1644972161309
6.6041903 -2.9718857 10.387243 1644972161320
6.6352973 -2.914458 10.5284195 1644972161326
6.613762 -2.7732813 10.573883 1644972161338
6.5491557 -2.6656044 10.499705 1644972161347
6.4414787 -2.6344976 10.348958 1644972161357
6.3361945 -2.5986054 10.143175 1644972161369
6.1734824 -2.589034 9.860822 1644972161376
5.9916277 -2.6775684 9.540184 1644972161388
5.8600225 -2.8307092 9.29133 1644972161397
5.733203 -2.8235307 9.107083 1644972161408
5.5968122 -2.6464617 9.025727 1644972161420
5.508278 -2.457429 8.956335 1644972161425
5.393422 -2.3114667 8.9013 1644972161437
5.2570314 -2.251646 8.831908 1644972161444
5.0919266 -2.2085752 8.786445 1644972161457
4.948357 -2.1655045 8.71466 1644972161466
4.8215375 -2.2229323 8.568698 1644972161477
4.7449675 -2.361716 8.508878 1644972161485
4.7018967 -2.3688943 8.441878 1644972161497
4.634897 -2.3114667 8.372486 1644972161505
4.584648 -2.347359 8.338987 1644972161516
4.5248275 -2.3976083 8.293523 1644972161525
4.45065 -2.4765713 8.252846 1644972161536
4.395615 -2.6009982 8.219346 1644972161542
4.359723 -2.6751757 8.250452 1644972161554
4.331009 -2.6871397 8.252846 1644972161566
4.347759 -2.7182465 8.315059 1644972161574
4.3812585 -2.7326035 8.410771 1644972161586
4.409972 -2.7302105 8.413164 1644972161593
4.462614 -2.8019953 8.453842 1644972161605
4.479364 -2.8689942 8.518449 1644972161614
4.4554358 -2.7852457 8.563912 1644972161625
4.4195433 -2.6703901 8.575876 1644972161634
4.3740797 -2.5698915 8.585447 1644972161645
4.3405805 -2.4191437 8.592627 1644972161651
4.2664027 -2.3353949 8.506484 1644972161664
4.206582 -2.3856442 8.420342 1644972161674
4.2017965 -2.4526432 8.394022 1644972161683
4.240082 -2.4646072 8.382058 1644972161694
4.220939 -2.4047868 8.420342 1644972161703
4.199404 -2.4215364 8.379665 1644972161712
4.197011 -2.495714 8.432307 1644972161723
4.194618 -2.507678 8.456235 1644972161731
4.17069 -2.4717858 8.453842 1644972161742
4.113262 -2.4215364 8.415557 1644972161750
3.9816568 -2.806781 8.544769 1644972161761
3.6873398 -3.103491 8.695518 1644972161771
4.058227 -2.4622145 8.748159 1644972161781
4.551149 -1.9238294 8.985049 1644972161792
4.139583 -1.7443677 8.752945 1644972161800
4.017549 -1.6845472 8.6548395 1644972161810
4.23051 -1.7922242 8.623733 1644972161822
4.237689 -2.184647 8.592627 1644972161830
4.0845485 -2.306681 8.432307 1644972161842
4.0797625 -2.2636101 8.34138 1644972161850
4.2185464 -2.5196424 8.322237 1644972161861
4.359723 -2.6249263 8.250452 1644972161870
4.4243293 -2.5794628 8.209774 1644972161884
4.3812585 -2.3856442 8.145168 1644972161890
4.2568316 -2.1535404 8.135597 1644972161902
4.1898327 -2.07697 8.209774 1644972161909
4.213761 -2.091327 8.362915 1644972161923
4.2352962 -2.1104696 8.46102 1644972161929
4.2855453 -2.0745773 8.530413 1644972161941
4.3525443 -2.0458634 8.556734 1644972161947
4.3645086 -2.199004 8.425129 1644972161960
4.3669014 -2.5722845 8.310273 1644972161969
4.3908296 -2.861816 8.26481 1644972161981
4.479364 -2.885744 8.224132 1644972161988
4.4985065 -2.8498518 8.207381 1644972162001
4.479364 -2.7230322 8.219346 1644972162009
4.479364 -2.6009982 8.240881 1644972162026
4.4578285 -2.455036 8.209774 1644972162026
4.4339004 -2.3138595 8.166703 1644972162039
4.398008 -2.2947168 8.161918 1644972162047
4.354937 -2.292324 8.19781 1644972162059
4.304688 -2.2779672 8.250452 1644972162068
4.240082 -2.321038 8.221739 1644972162079
4.1347976 -2.3641088 8.350951 1644972162087
3.885944 -2.416751 8.446664 1644972162098
3.7830527 -2.6201408 8.997013 1644972162106
3.8380876 -3.0364919 9.51147 1644972162118
3.8668015 -3.089134 9.753145 1644972162128
3.8835511 -2.4598217 9.690931 1644972162138
3.7974095 -1.7826529 9.432507 1644972162147
3.6179478 -1.5864414 9.171689 1644972162158
3.5365918 -1.847259 9.037691 1644972162166
3.6203406 -2.1678972 9.056833 1644972162178
3.711268 -2.3449662 9.097511 1644972162186
3.6753755 -2.4023938 9.183653 1644972162197
3.6490545 -2.4717858 9.164511 1644972162206
3.7160535 -2.5794628 9.178867 1644972162216
3.7686956 -2.766103 9.119047 1644972162227
3.7328033 -2.9886355 9.083155 1644972162236
3.7304106 -3.1609187 9.032906 1644972162247
3.7543387 -3.1752756 9.044869 1644972162254
3.8285162 -3.1130621 9.109476 1644972162267
3.8644085 -3.1226335 9.224331 1644972162275
3.8763726 -3.0747771 9.432507 1644972162286
3.9625144 -2.7445676 9.667004 1644972162295
4.063013 -2.2731814 9.834501 1644972162307
4.031906 -2.0171494 9.860822 1644972162312
4.0151563 -2.1966112 9.777073 1644972162325
4.046263 -2.8522446 9.765109 1644972162334
4.031906 -3.5653057 9.777073 1644972162345
4.0414777 -4.1276193 9.58804 1644972162354
4.113262 -4.409972 9.413364 1644972162365
4.211368 -4.2352962 9.205189 1644972162375
4.3645086 -3.8165522 8.987442 1644972162384
4.610969 -3.3427732 8.487342 1644972162390
4.9363933 -2.806781 8.181061 1644972162401
5.2689953 -2.2205393 7.9561353 1644972162409
5.465207 -1.5074782 7.688139 1644972162423
5.548956 -0.48095736 7.3268228 1644972162434
5.572884 0.21774685 6.9224358 1644972162442
5.651847 0.567099 6.6687965 1644972162452
5.7930236 0.5072784 6.34098 1644972162463
5.905486 0.078963146 6.1160545 1644972162473
6.1328044 -0.44506502 6.125626 1644972162483
6.393622 -1.105484 6.3314085 1644972162491
6.6592255 -1.8017955 6.606583 1644972162503
6.7262244 -2.347359 7.097112 1644972162512
6.5898337 -2.5004997 7.776674 1644972162525
6.326623 -2.1296122 8.183454 1644972162530
6.06102 -1.3399807 8.300702 1644972162543
5.757131 -0.5072784 8.030313 1644972162551
5.4676 0.021535404 7.7742805 1644972162562
5.271388 0.36370903 7.3866434 1644972162572
5.103891 0.44506502 7.152147 1644972162582
4.9052863 0.4235296 7.075577 1644972162589
4.6396832 0.5192425 7.092326 1644972162602
4.4410787 0.701097 7.207182 1644972162609
4.28076 0.89013004 7.176075 1644972162624
4.031906 0.9810573 7.1808605 1644972162630
3.8213377 1.1724831 7.3100734 1644972162642
3.682554 1.3806586 7.479964 1644972162651
3.5676985 1.4907285 7.704889 1644972162661
3.4360933 1.4476577 7.7814593 1644972162670
3.3260236 1.4189439 7.8077803 1644972162681
3.2039895 1.4955142 7.9226356 1644972162690
3.0293136 1.4285151 8.039884 1644972162701
2.8977082 1.2227324 8.346166 1644972162709
2.8115666 1.052842 8.606983 1644972162720
2.7565317 1.0001999 8.975478 1644972162727
2.6775684 1.0480564 9.274581 1644972162739
2.603391 1.1772687 9.509077 1644972162749
2.5459633 1.3280165 9.54497 1644972162757
2.4598217 1.3064811 9.592826 1644972162769
2.4430718 1.1318051 9.662218 1644972162779
2.4598217 0.9523434 9.645468 1644972162787
2.455036 0.8781659 9.65504 1644972162798
2.4670002 0.9020941 9.600004 1644972162807
2.4622145 0.9499506 9.49472 1644972162818
2.455036 1.0097711 9.406186 1644972162828
2.4789643 1.0815558 9.322437 1644972162839
2.498107 1.1485549 9.241081 1644972162848
2.5172493 1.2179468 9.219545 1644972162859
2.5052853 1.3423735 9.205189 1644972162867
2.4454648 1.4763715 9.19801 1644972162878
2.3449662 1.550549 9.135797 1644972162888
2.359323 1.5290136 9.202796 1644972162898
2.455036 1.4285151 9.32483 1644972162908
2.4646072 1.2753744 9.439685 1644972162917
2.4837499 1.2323036 9.516255 1644972162928
2.536392 1.2849457 9.525827 1644972162936
2.5938199 1.3232309 9.475577 1644972162946
2.6249263 1.3112668 9.425328 1644972162954
2.6273193 1.2897314 9.403793 1644972162967
2.6344976 1.3136597 9.408579 1644972162977
2.6608188 1.2897314 9.430114 1644972162987
2.7062824 1.227518 9.444471 1644972162997
2.7732813 1.160519 9.446864 1644972163007
2.8546374 1.1102697 9.437292 1644972163016
2.8977082 1.0408778 9.41815 1644972163021
2.9240294 0.9762716 9.372686 1644972163034
3.0125637 0.9164511 9.343972 1644972163046
3.0364919 0.83748794 9.315259 1644972163055
3.050849 0.8135597 9.30808 1644972163067
2.9958138 0.8709874 9.243474 1644972163074
2.981457 0.9379865 9.212367 1644972163086
2.9862428 1.0001999 9.205189 1644972163095
2.9982069 1.0456635 9.229117 1644972163106
3.0412776 1.0863415 9.253045 1644972163115
3.0436704 1.1294123 9.260223 1644972163126
3.034099 1.0863415 9.229117 1644972163131
3.0293136 1.0863415 9.193225 1644972163147
2.9575288 1.227518 9.092726 1644972163150
2.9168508 1.1772687 9.128618 1644972163164
2.9431717 1.2155539 9.044869 1644972163172
2.928815 1.253839 9.056833 1644972163182
2.9742785 1.2634103 9.066405 1644972163188
2.9742785 1.2418749 9.047262 1644972163200
2.8977082 1.1772687 9.090333 1644972163212
2.8953154 1.1270195 9.109476 1644972163223
2.9312077 1.1222339 9.109476 1644972163229
2.9766715 1.1389836 9.159725 1644972163241
2.955136 1.1772687 9.19801 1644972163250
2.8809586 1.1964114 9.224331 1644972163260
2.8091738 1.1126626 9.202796 1644972163270
2.955136 1.0695918 9.233903 1644972163280
3.0293136 1.0935199 9.195618 1644972163292
2.9958138 1.1485549 9.171689 1644972163298
2.969493 1.2346965 9.157332 1644972163310
2.9838498 1.3423735 9.145369 1644972163317
3.0125637 1.4093726 9.18126 1644972163329
3.022135 1.4141582 9.221938 1644972163338
3.0005996 1.4213367 9.250652 1644972163349
3.0077782 1.4285151 9.255438 1644972163356
2.993421 1.430908 9.202796 1644972163369
2.9862428 1.4237294 9.193225 1644972163379
2.993421 1.402194 9.195618 1644972163386
2.9790642 1.3998013 9.140582 1644972163399
2.9479575 1.3878372 9.12144 1644972163407
2.940779 1.39023 9.133404 1644972163419
2.952743 1.4069797 9.140582 1644972163426
2.9718857 1.4045869 9.169296 1644972163439
2.952743 1.3998013 9.150154 1644972163445
2.928815 1.3854443 9.162118 1644972163458
2.9072795 1.3686945 9.241081 1644972163464
2.9240294 1.3567305 9.190832 1644972163478
2.9120653 1.3519448 9.133404 1644972163484
2.861816 1.3447664 9.140582 1644972163500
2.8498518 1.3328022 9.23151 1644972163509
2.8546374 1.3375878 9.219545 1644972163521
2.833102 1.3136597 9.219545 1644972163527
2.8115666 1.2897314 9.233903 1644972163540
2.804388 1.268196 9.241081 1644972163549
2.8115666 1.2921243 9.257831 1644972163559
2.8115666 1.3040884 9.238688 1644972163568
2.8115666 1.3304094 9.253045 1644972163580
2.8259234 1.402194 9.217153 1644972163587
2.8354948 1.4380864 9.2075815 1644972163599
2.8378878 1.4285151 9.18126 1644972163607
2.8307092 1.4237294 9.178867 1644972163619
2.8378878 1.4117653 9.219545 1644972163626
2.8498518 1.402194 9.226724 1644972163639
2.8139594 1.3639089 9.190832 1644972163648
2.8019953 1.3064811 9.15494 1644972163659
2.7852457 1.294517 9.171689 1644972163666
2.792424 1.294517 9.19801 1644972163678
2.8115666 1.3471591 9.217153 1644972163687
2.8139594 1.4380864 9.236296 1644972163697
2.8235307 1.5002998 9.226724 1644972163708
2.8235307 1.4907285 9.23151 1644972163717
2.8354948 1.4548361 9.200403 1644972163727
2.8378878 1.4213367 9.200403 1644972163734
2.8259234 1.3782659 9.21476 1644972163746
2.8402805 1.3423735 9.262616 1644972163756
2.861816 1.3280165 9.24826 1644972163766
2.8474588 1.3782659 9.229117 1644972163776
2.845066 1.4045869 9.236296 1644972163785
2.8474588 1.3878372 9.245867 1644972163795
2.8474588 1.3974084 9.255438 1644972163806
2.8378878 1.3926228 9.241081 1644972163814
2.8522446 1.375873 9.241081 1644972163826
2.87378 1.3806586 9.209974 1644972163834
2.8761728 1.4045869 9.188439 1644972163845
2.8953154 1.4213367 9.195618 1644972163854
2.8235307 1.3423735 9.004191 1644972163866
2.9599216 1.3998013 9.174082 1644972163876
2.969493 1.524228 9.066405 1644972163883
2.8689942 1.4524434 9.0951185 1644972163895
2.900101 1.4644074 9.174082 1644972163904
2.87378 1.4237294 9.18126 1644972163918
2.8881369 1.3471591 9.205189 1644972163922
2.955136 1.3184453 9.217153 1644972163931
